sahara_oases_node={
	location=5105
	color={
		113 176 151 
	}
	inland=yes
	outgoing={
		name="safi"
		path={
			5919 5092 5097 3177 3169 4763 518 4761 4748 4751 4749 
		}
		control={
			2049.000000 284.000000 
		}
	}
	outgoing={
		name="fez_node"
		path={
			5919 5092 5097 3177 3173 4648 3164 4655 4656 
		}
		control={
			2242.000000 347.000000 
		}
	}
	outgoing={
		name="algiers_node"
		path={
			5919 5092 5097 5098 5099 3174 3521 2819 3440 580 1946 
		}
		control={
			2525.620117 461.410004 
		}
	}
	outgoing={
		name="tunis"
		path={
			5919 5092 3181 3485 4584 4578 4577 4575 4571 4879 2186 1614 
		}
		control={
			2917.000000 459.000000 
		}
	}
	outgoing={
		name="alexandria"
		path={
			3183 3982 3983 5021 7100 
		}
		control={
			4152.000000 100.000000 
		}
	}
	members={
		5095 5096 5097 5098 5099 5100 5101 5103 5106 5093 5094 5116 5117 5118 5119 5120 5121 5122 5090 5091 5126 5127 5128 5129 5086 5087 5088 4923 5092 5105 5123 5124 5125 5919 5104 5089 4677 4680 4678 4681 4682 5960 
	}
}
basra={
	location=6840
	color={
		103 121 136 
	}
	outgoing={
		name="mosul_node"
		path={
			6294 6295 3159 6320 3999 3998 3690 
		}
		control={
			5443.000000 353.000000 
		}
	}
	members={
		3432 3433 3434 3435 3436 3437 3438 3439 3141 3142 3143 3144 3145 3184 5014 5015 3063 3136 3137 3138 3139 3140 5541 6840 6336 6337 6338 6339 6340 6341 6342 6310 6292 6293 6294 6295 6296 6311 6312 6313 6302 6303 6304 6305 6306 6307 6308 6309 6297 6298 6299 6300 6301 6314 6315 6316 
	}
}
mosul_node={
	location=3690
	color={
		113 98 121 
	}
	inland=yes
	outgoing={
		name="ahlat_node"
		path={
			6379 6381 3680 3452 3453 3460 3461 
		}
		control={
			5243.000000 721.000000 
		}
	}
	outgoing={
		name="damascus_node"
		path={
			3998 1570 3124 3062 3037 3038 4016 4015 3065 
		}
		control={
			4933.000000 518.000000 
		}
	}
	members={
		6317 6318 6319 6320 6321 6322 6323 6324 6326 6327 6368 6369 6370 6371 6335 6367 6372 6373 6374 6375 6376 6377 6378 6325 6328 6329 6330 6331 6332 6333 6334 3666 3667 3686 3689 3690 6379 6380 6381 3127 3115 3123 3660 3661 3662 3663 3664 3665 3118 3119 3120 3121 3122 3124 3125 3126 3518 3519 3520 3683 3684 3687 6364 6365 6366 
	}
}
damascus_node={
	location=3065
	color={
		76 141 58 
	}
	inland=yes
	outgoing={
		name="aleppo"
		path={
			4015 3041 4018 3032 4019 4481 3057 3053 3055 7162 
		}
		control={
			4796.000000 565.000000 
		}
	}
	outgoing={
		name="acre_node"
		path={
			3067 3070 4954 4957 4955 
		}
		control={
			4737.000000 401.000000 
		}
	}
	outgoing={
		name="alexandria"
		path={
			3067 3070 4954 4957 4955 
		}
		control={
			4686.000000 161.000000 4649.000000 42.000000 4547.000000 128.000000 4528.000000 193.000000 4509.000000 239.000000 4440.000000 243.000000 4432.000000 213.000000 4412.000000 225.000000 4405.000000 260.000000 
		}
	}
	members={
		3110 3111 3112 3113 3114 3116 3117 3130 3131 3033 3034 3035 3036 3037 3046 3047 3048 3132 3043 3044 3045 3049 3050 3051 3052 3109 3128 3038 3039 3040 3041 3042 3064 3065 3066 5951 3067 3068 3069 3070 3081 3082 4950 4954 4996 4966 4976 4977 4981 4982 4989 4990 4991 4994 5005 5006 5007 5008 5009 5010 5011 5012 5013 4995 4997 4998 4999 5000 5001 5002 5003 5004 3062 
	}
}
acre_node={
	location=4955
	color={
		211 230 211 
	}
	outgoing={
		name="aleppo"
		path={
			4952 4948 7160 7161 7162 
		}
		control={
			4732.000000 570.000000 
		}
	}
	outgoing={
		name="alexandria"
		path={
			4952 4948 7160 7161 7162 
		}
		control={
			4682.000000 389.000000 4653.000000 315.000000 4604.000000 293.000000 4519.000000 296.000000 4454.000000 321.000000 4413.000000 317.000000 
		}
	}
	members={
		4985 5053 5083 5084 5085 3108 4960 4986 4979 4980 4984 4987 4988 4992 4993 5932 4961 4964 4965 4969 4970 4973 4974 4975 4949 4952 4953 4955 4956 4957 4958 4959 4962 4963 4967 4968 4971 4972 4978 4983 3026 3027 3028 4944 4945 4946 4947 4948 4951 3029 3030 3031 3032 3057 3058 3059 3060 3061 
	}
}
safi={
	location=4749
	color={
		140 45 100 
	}
	outgoing={
		name="fez_node"
		path={
			4753 4754 4784 4787 4780 4097 4659 4656 
		}
		control={
			1880.000000 423.000000 
		}
	}
	outgoing={
		name="lisbon_node"
		path={
			4755 6938 6886 6888 1611 1346 
		}
		control={
			1701.000000 409.000000 1680.000000 741.000000 
		}
	}
	members={
		5107 5108 5109 5110 5111 5112 5113 4674 4675 4676 4679 4731 4732 4733 4763 5115 4737 4739 4740 4744 4784 4734 4735 4736 4738 4741 4742 4743 4752 4760 4761 4762 4764 4765 4781 4745 4746 4747 4748 4749 4750 4751 4753 4754 4755 4756 4757 4758 4759 4779 4780 4772 4782 4773 4775 4774 4777 4776 4778 4768 4766 4767 4771 4769 4783 4789 4790 4786 4788 4787 4785 4770 
	}
}
fez_node={
	location=4656
	color={
		224 146 113 
	}
	outgoing={
		name="sevilla"
		path={
			4657 4662 4632 4634 4625 1342 
		}
		control={
			1937.000000 500.000000 1868.000000 492.000000 1920.000000 598.000000 
		}
	}
	outgoing={
		name="algiers_node"
		path={
			4653 4650 3163 4642 6934 1348 1732 2522 1946 
		}
		control={
			1968.000000 558.000000 
		}
	}
	members={
		4655 4658 4659 4660 4663 4664 4665 4666 4652 4653 4654 4656 4657 4661 4662 4668 4646 4647 4648 4649 4650 4651 4667 4629 4630 4631 4635 4636 4637 4638 4624 4627 4639 4640 4641 4642 4643 4617 4618 4619 4620 4621 4622 4623 4632 4644 4626 4628 4625 4634 4633 4669 4670 4671 4672 4673 
	}
}
algiers_node={
	location=1946
	color={
		230 225 110 
	}
	outgoing={
		name="tunis"
		path={
			1451 1340 1349 1307 1614 
		}
		control={
			2580.000000 673.000000 2722.060059 678.159973 2852.000000 684.000000 2951.000000 705.000000 3020.000000 693.000000 
		}
	}
	outgoing={
		name="sevilla"
		path={
			2522 1732 1348 6934 6935 4626 1342 
		}
		control={
			2464.000000 672.000000 2251.000000 623.000000 2071.000000 599.000000 
		}
	}
	outgoing={
		name="barcelona_node"
		path={
			1451 1548 1728 1711 1721 1725 1707 1619 
		}
		control={
			2576.000000 693.000000 
		}
	}
	members={
		220 872 939 4557 4560 4561 4562 4563 4564 639 924 2298 2487 4565 4566 4567 4568 4569 700 870 1836 1995 2479 2531 2673 4086 4616 423 789 899 925 2549 2570 2587 5102 4570 2819 4599 4600 4601 4602 4603 4604 4605 4606 580 821 824 1946 2522 2639 2755 2854 4607 4608 4609 4610 4611 4612 4613 4614 4615 
	}
}
tunis={
	location=1614
	color={
		146 134 57 
	}
	outgoing={
		name="barcelona_node"
		path={
			1307 1349 1700 1548 1716 1452 653 926 1560 1333 1310 1336 1955 
		}
		control={
			3020.000000 705.000000 2912.000000 746.000000 2575.000000 868.000000 
		}
	}
	outgoing={
		name="napoli_node"
		path={
			1730 1720 1741 1546 1642 
		}
		control={
			3059.000000 702.000000 3162.000000 757.000000 3278.000000 863.000000 
		}
	}
	outgoing={
		name="genua"
		path={
			1730 1702 1622 1304 4535 1247 1453 1619 
		}
		control={
			3034.000000 709.000000 2993.000000 813.000000 3000.000000 949.000000 2977.000000 981.000000 2981.000000 1082.000000 
		}
	}
	outgoing={
		name="alexandria"
		path={
			1533 7146 7134 7136 7138 7143 7142 7139 7154 7155 7156 7157 7100 
		}
		control={
			3079.000000 683.000000 3093.000000 637.000000 3111.000000 567.000000 3138.000000 437.000000 3287.000000 420.000000 3394.000000 374.000000 3427.000000 317.000000 3643.000000 271.000000 3673.000000 391.000000 3825.000000 423.000000 3982.000000 371.000000 4281.000000 295.000000 
		}
	}
	members={
		692 704 984 2164 2932 4556 4558 4559 1614 4575 4576 4577 4578 4584 4585 4586 4587 586 590 666 1153 2159 2186 2576 2583 425 697 1017 2106 2710 4571 4572 4589 4573 4574 4579 4580 4581 4590 4591 4645 4582 4583 4592 4593 4594 4595 4596 4927 4597 4598 4920 4921 4922 4924 4925 4926 4928 4929 4930 4931 4932 4933 4934 4935 
	}
}
ganja_node={
	location=3577
	color={
		154 198 65 
	}
	inland=yes
	outgoing={
		name="poti_node"
		path={
			3635 3637 3574 3550 3548 3552 3553 3442 3556 7053 
		}
		control={
			5372.000000 947.000000 
		}
	}
	outgoing={
		name="ahlat_node"
		path={
			3569 3568 3445 3537 3508 3509 3401 3467 3465 3461 
		}
		control={
			5387.000000 864.000000 
		}
	}
	outgoing={
		name="derbent_node"
		path={
			3634 4145 6237 6232 
		}
		control={
			5513.000000 940.000000 
		}
	}
	members={
		3474 3475 3476 3477 3478 3479 3544 3567 3574 3508 3509 3510 3511 3537 3539 3540 3543 3473 3555 3558 3559 3560 3562 3563 3565 3566 3536 3545 3546 3547 3548 3550 3572 3573 3541 3542 3554 3561 3564 3578 3579 3580 3568 3569 3570 3571 3575 3576 3577 3587 3581 3582 3583 3584 3585 3586 3588 3589 
	}
}
ahlat_node={
	location=3461
	color={
		145 30 75 
	}
	inland=yes
	outgoing={
		name="trebizond_node"
		path={
			3460 3517 1163 6291 6289 4199 4205 4181 
		}
		control={
			5026.000000 894.000000 
		}
	}
	outgoing={
		name="ankara_node"
		path={
			3460 3513 3516 6275 6273 6272 6282 6284 6280 6826 4171 6811 6776 6753 6752 6751 6741 4229 6740 
		}
		control={
			4912.000000 830.000000 
		}
	}
	outgoing={
		name="aleppo"
		path={
			3460 3513 3672 3675 3674 3685 3664 3661 6258 3132 6257 3129 3054 3056 7162 
		}
		control={
			4892.000000 742.000000 
		}
	}
	members={
		3658 3659 3668 3669 3670 3671 3674 3675 3685 3462 6267 6268 6269 6271 6272 6278 6279 6280 6281 6282 6273 6274 6275 6283 6284 6285 6286 6287 6288 6291 3672 3673 3676 3677 3678 3679 3680 3681 3682 3459 3446 3447 3448 3449 3450 3451 3452 3455 3458 3688 3453 3454 3456 3457 3463 3464 3466 3467 3468 3469 3460 3461 3465 3513 3514 3515 3516 3517 3522 3529 3470 3471 3472 3523 3524 3525 3526 3528 3530 
	}
}
aleppo={
	location=7162
	color={
		214 140 190 
	}
	outgoing={
		name="alexandria"
		path={
			7163 6249 
		}
		control={
			4654.000000 558.000000 4544.000000 494.000000 4413.000000 383.000000 
		}
	}
	outgoing={
		name="candia_node"
		path={
			7163 7164 7165 7118 7090 7116 7081 7085 5453 7078 
		}
		control={
			4326.000000 516.000000 4122.000000 566.000000 4080.000000 592.000000 
		}
	}
	outgoing={
		name="smyrna_node"
		path={
			7163 6247 6261 6783 4160 3358 4157 5183 3431 2813 5281 5280 4900 355 
		}
		control={
			4468.000000 668.000000 
		}
	}
	members={
		3071 3072 3073 3074 3075 3076 3077 3078 3079 6258 6257 6259 6264 6265 6266 6270 6276 6277 3053 3054 3055 3056 3129 6245 6246 6251 6816 6243 6244 6252 6253 6254 6255 6262 6263 3080 3083 6247 6248 6249 6250 6260 6261 6815 6814 296 398 804 1241 2377 2425 6256 6785 6786 4132 4173 6807 6808 6809 6810 6812 6813 7162 
	}
}
alexandria={
	location=7100
	color={
		255 220 104 
	}
	outgoing={
		name="smyrna_node"
		path={
			7101 7097 7090 7168 4552 5167 2144 5155 2953 2472 4900 355 
		}
		control={
			4328.000000 339.000000 4254.000000 514.000000 4143.000000 651.000000 
		}
	}
	outgoing={
		name="candia_node"
		path={
			7124 7122 7120 7114 7084 5452 5450 7078 
		}
		control={
			4251.000000 378.000000 4111.000000 562.000000 
		}
	}
	members={
		5035 5041 5043 5054 5055 5056 5057 5058 5061 5062 5063 5064 5065 5066 5067 5068 5069 5070 5075 5076 5077 5078 5079 5080 5081 5082 5074 5026 5025 5028 5029 5033 5034 5036 5042 5059 5027 5030 5031 5032 5037 5038 5039 5040 5060 5016 5017 5018 5019 5020 5021 5022 5023 5024 5044 5045 5046 5047 5048 5049 5050 5051 5052 4936 4937 4938 4939 4940 4941 4942 4943 5073 5071 5072 7100 
	}
}
ankara_node={
	location=6740
	color={
		124 119 96 
	}
	inland=yes
	outgoing={
		name="dorylaion_node"
		path={
			6736 4167 4179 
		}
		control={
			4602.000000 826.000000 
		}
	}
	members={
		6772 6779 6811 6819 6820 6821 6822 6763 4192 4193 6776 4200 6823 6824 6827 6828 6817 6818 6825 6826 6829 6830 6831 6832 6749 6750 6755 6756 6757 6758 6759 6760 6761 6751 6752 6753 6754 6768 6769 6773 6774 6775 4190 4201 6762 6764 6765 6766 6767 6770 6771 6718 6719 6720 6721 6722 6723 6740 6741 6742 
	}
}
dorylaion_node={
	location=4179
	color={
		144 182 161 
	}
	inland=yes
	outgoing={
		name="constantinople"
		path={
			3380 3377 5294 7002 1424 
		}
		control={
			4384.000000 860.000000 
		}
	}
	members={
		3381 4134 4179 6728 6729 6731 6732 6733 6725 6726 6727 6730 6734 6735 6736 6737 3379 4135 4136 4176 4177 4178 6743 6738 6739 4133 4174 4175 5197 6744 6745 6746 6747 6748 6777 6778 6780 6781 6793 6794 6795 6799 6800 6796 6797 6798 6801 6802 6803 6804 6805 6806 6782 6783 6784 6787 6788 6789 6790 6791 6792 
	}
}
derbent_node={
	location=6232
	color={
		98 206 253 
	}
	outgoing={
		name="astrakhan"
		path={
			6230 6234 6235 6241 3763 3793 3792 3786 3785 
		}
		control={
			5546.000000 1172.000000 
		}
	}
	outgoing={
		name="poti_node"
		path={
			6230 6228 6231 3775 3774 3773 3769 3404 3612 3406 3615 3597 7053 
		}
		control={
			5360.000000 1000.000000 
		}
	}
	members={
		6345 6346 6347 6348 6349 6350 6351 6352 6353 6355 6356 6357 6358 6359 6360 6361 6362 6363 3629 3630 3631 3632 3633 3634 3635 3637 3638 3622 3623 3624 3625 3626 3627 3628 3636 3641 6230 6232 6233 6236 6237 6238 6239 3639 3649 6223 6224 6225 6226 6227 6228 6229 3648 3763 3775 6231 6234 6235 6241 6354 
	}
}
poti_node={
	location=7053
	color={
		190 35 37 
	}
	outgoing={
		name="nikopsia_node"
		path={
			7052 7051 7050 3654 
		}
		control={
			5096.000000 1062.000000 4984.000000 1127.000000 
		}
	}
	outgoing={
		name="trebizond_node"
		path={
			7054 7055 4181 
		}
		control={
			5094.000000 974.000000 
		}
	}
	members={
		3549 3551 3552 3608 3609 3620 3621 3642 3643 3617 3603 3604 3605 3606 3607 3611 3612 3618 3619 7053 3556 3557 3597 3598 3599 3600 3601 3602 3616 1016 3592 3593 3594 3595 3596 3610 3613 3614 3480 3481 3482 3483 3484 3488 3489 3498 3615 3494 3512 3531 3532 3533 3534 3535 3553 3501 3490 3491 3492 3493 3495 3496 3497 3499 3500 
	}
}
nikopsia_node={
	location=3654
	color={
		42 107 17 
	}
	outgoing={
		name="astrakhan"
		path={
			3653 4218 1240 3762 3764 6216 6215 3793 3792 3786 3785 
		}
		control={
			5524.000000 1270.000000 
		}
	}
	outgoing={
		name="crimea"
		path={
			3734 3732 7049 7034 
		}
		control={
			4871.950195 1183.239990 
		}
	}
	members={
		3736 3806 6240 6242 3771 3748 3761 3744 3644 3645 3646 3647 3769 3772 3773 3774 3640 3754 3762 3764 3765 3766 3767 3768 3208 3743 3750 3751 6215 6216 6217 6218 6219 3737 3738 3739 3740 3741 3742 3745 3746 3747 3749 3752 3753 3755 3756 3757 3758 3759 3760 3650 3651 3652 3653 3654 3732 3734 3735 3770 
	}
}
astrakhan={
	location=3785
	color={
		210 175 60 
	}
	outgoing={
		name="kazan"
		path={
			6535 3155 3154 6411 6470 6464 6463 6462 6461 6444 
		}
		control={
			5800.000000 1538.000000 
		}
	}
	outgoing={
		name="sarkel_node"
		path={
			6535 3993 6640 
		}
		control={
			5364.000000 1488.000000 
		}
	}
	members={
		6527 6528 6529 6530 6531 6532 6533 6534 6618 3785 3786 3787 3788 3789 3790 3791 3792 3793 6395 6396 6397 6398 6399 6400 6406 6407 3794 3795 3796 3797 3798 3799 6615 6616 6382 6383 6384 6385 6386 6387 6388 6389 6408 6409 6433 6434 6435 6436 6437 6438 6401 6402 6403 6404 6405 6439 6440 6441 6526 6443 6390 709 6442 6539 6535 6617 
	}
}
sarkel_node={
	location=6640
	color={
		140 122 68 
	}
	inland=yes
	outgoing={
		name="severia_node"
		path={
			6636 6632 6626 6622 6621 3979 3915 3917 3920 
		}
		control={
			4964.000000 1594.000000 
		}
	}
	outgoing={
		name="kazan"
		path={
			6644 6643 3156 6525 6537 6536 6472 6471 6469 6465 6466 6462 6461 6444 
		}
		control={
			5516.000000 1684.000000 
		}
	}
	outgoing={
		name="crimea"
		path={
			6222 3805 3711 3713 3709 7043 3206 7034 
		}
		control={
			4976.000000 1361.000000 4864.000000 1329.000000 
		}
	}
	members={
		3704 3780 6619 6620 6626 6627 6632 6633 6220 6221 6222 6563 6637 6640 6644 6631 6634 6635 6636 6638 6639 6641 6642 6643 6621 6622 6623 6624 6625 6628 6629 6630 6652 6655 6663 6664 6665 6666 6667 6537 6645 6646 6647 6648 6649 6650 6651 6662 6653 6654 6656 6657 6658 6659 6660 6661 6520 6521 6522 6523 6524 6525 6536 6538 
	}
}
crimea={
	location=7034
	color={
		59 158 125 
	}
	outgoing={
		name="kiev"
		path={
			3086 1569 3092 3107 3101 7022 7025 3721 3722 3360 3363 3367 3369 4237 
		}
		control={
			4502.000000 1316.000000 
		}
	}
	outgoing={
		name="akkerman_node"
		path={
			7035 7015 7014 7041 
		}
		control={
			4577.000000 1162.000000 
		}
	}
	outgoing={
		name="trebizond_node"
		path={
			7049 7050 7031 7029 7055 4181 
		}
		control={
			4875.000000 1057.000000 
		}
	}
	members={
		3084 3085 3086 3087 3089 3090 3106 7034 3088 3206 3692 3729 3730 3731 3698 3782 3093 3094 3095 3096 3102 3103 3104 3105 3091 3092 3097 3098 3099 3100 3101 3107 3712 3733 3800 3801 3802 3803 3804 3805 3702 3708 3709 3710 3711 3713 3777 3784 3133 3134 3135 3693 3694 3695 3696 3697 3699 3700 3701 3703 3705 3778 3779 3781 
	}
}
trebizond_node={
	location=4181
	color={
		40 164 157 
	}
	outgoing={
		name="constantinople"
		path={
			4182 7056 7057 7058 7059 7060 7061 7062 7063 7005 1424 
		}
		control={
			4955.000000 959.000000 4863.000000 968.000000 4765.000000 1003.000000 4689.000000 1028.000000 4566.000000 1021.000000 4429.000000 969.000000 4315.000000 972.000000 
		}
	}
	members={
		3505 3506 3507 3591 4180 4181 4182 4196 4183 4184 4185 4186 4187 4188 4191 4194 3502 3503 3504 4195 4197 4198 4199 6289 6290 4189 6702 6703 6704 6705 6706 6707 6708 6709 6701 6710 6711 6712 6713 6714 6715 6716 6717 3386 3387 3388 3389 4798 4806 6699 6700 6724 
	}
}
smyrna_node={
	location=355
	color={
		202 101 167 
	}
	outgoing={
		name="constantinople"
		path={
			5310 4884 4226 2182 5292 5293 5294 7002 1424 
		}
		control={
			4141.000000 847.000000 4255.000000 907.000000 
		}
	}
	outgoing={
		name="candia_node"
		path={
			19 1431 1407 2674 7074 7078 
		}
		control={
			4112.000000 706.000000 
		}
	}
	members={
		356 570 1053 1828 2318 4884 5281 5283 2788 19 352 355 594 1058 2747 4900 5280 5284 5282 2144 2813 2936 4287 5167 5168 5178 2341 5421 68 2453 2472 2486 2944 2953 5155 5387 1088 3375 3376 4286 4533 4547 4552 5180 5183 5185 2426 3009 3358 4501 4523 4534 5194 5535 5888 2966 2983 5182 5187 5269 5275 5412 5413 5417 
	}
}
thessaloniki_node={
	location=1420
	color={
		222 149 38 
	}
	outgoing={
		name="constantinople"
		path={
			7067 7066 1422 1414 5300 5301 2395 7004 1424 
		}
		control={
			3920.000000 867.000000 4024.000000 914.000000 4122.000000 917.000000 
		}
	}
	outgoing={
		name="candia_node"
		path={
			7067 1356 7070 2679 1405 7073 7078 
		}
		control={
			3900.000000 845.000000 3973.000000 782.000000 3994.000000 742.000000 3998.000000 660.000000 
		}
	}
	members={
		2398 719 2190 977 5445 5321 2117 5327 1063 2322 2371 5318 5319 5320 5356 5577 708 581 2193 5335 5329 5371 5336 5337 1420 2355 2066 5368 5362 5365 5367 5364 5360 562 2045 5357 5358 5366 5369 5956 5363 600 1082 2388 2786 2191 5511 5324 5328 2347 2335 2346 404 2339 5325 716 5330 
	}
}
beograd_node={
	location=539
	color={
		166 72 57 
	}
	inland=yes
	outgoing={
		name="szeged_node"
		path={
			2918 512 2946 5501 
		}
		control={
			3667.000000 1245.000000 
		}
	}
	outgoing={
		name="sofia_node"
		path={
			5538 5521 5524 1947 2064 3231 588 
		}
		control={
			3858.000000 1091.000000 
		}
	}
	members={
		353 2064 1947 5518 5536 5540 2120 5532 5534 2043 539 553 2445 5537 5519 5520 552 561 2039 5521 5524 5525 5526 5527 5550 547 5514 5523 5513 5530 5533 5538 5924 2443 779 5522 5531 5553 5560 2433 480 534 2436 890 5551 5552 5567 557 677 535 1068 5549 5555 5554 5569 5558 461 5564 5565 5556 2047 1815 5570 5557 5561 5559 5562 5563 
	}
}
mures_node={
	location=448
	color={
		211 207 173 
	}
	inland=yes
	outgoing={
		name="szeged_node"
		path={
			5595 453 4141 2167 2428 2357 2946 5501 
		}
		control={
			3831.000000 1313.000000 
		}
	}
	members={
		2128 2074 509 448 5597 5582 5583 5586 5587 447 508 577 2363 5580 5581 5585 5596 5598 454 661 739 2229 5578 5579 5584 5590 5593 451 453 2228 450 5588 5589 5591 5592 5594 478 585 587 602 1789 2165 2396 2630 5595 452 636 675 2125 2127 2227 2401 2748 2928 476 2359 1015 1185 2065 847 1811 2800 
	}
}
szeged_node={
	location=5501
	color={
		152 85 92 
	}
	inland=yes
	outgoing={
		name="budapest_node"
		path={
			2366 1832 576 5475 
		}
		control={
			3628.000000 1317.000000 
		}
	}
	outgoing={
		name="varna_node"
		path={
			2653 1035 602 2165 661 739 3234 5700 5698 5692 5691 5690 5572 2122 1047 
		}
		control={
			3689.000000 1268.000000 3694.000000 1240.000000 3766.000000 1214.000000 3846.000000 1196.000000 3998.000000 1131.000000 4131.000000 1150.000000 
		}
	}
	members={
		2434 479 2354 1085 2653 510 1035 5507 1969 512 660 2357 2031 2930 2946 2918 2331 5473 712 2073 514 2840 5600 384 2020 399 2429 456 1832 2358 5502 5503 5504 5505 2428 2361 5506 5508 5509 4119 2167 2207 5510 538 1075 2192 799 756 2366 5501 995 5923 2069 2427 5398 5403 5399 5402 5406 5547 
	}
}
sofia_node={
	location=588
	color={
		116 107 140 
	}
	inland=yes
	outgoing={
		name="varna_node"
		path={
			1122 5353 5351 1047 
		}
		control={
			4096.000000 1094.000000 
		}
	}
	outgoing={
		name="constantinople"
		path={
			1122 616 5309 5304 2397 5298 1062 1424 
		}
		control={
			4146.000000 1004.000000 
		}
	}
	members={
		2131 558 4288 5312 5314 5316 5317 5338 5575 584 678 2133 5307 5322 5323 5339 5340 5574 563 588 2027 613 2116 5928 5379 5545 5957 745 583 616 1042 2400 5308 5309 5311 5313 5959 491 2070 2080 2438 5395 5396 5397 5543 5544 2135 615 610 5573 5393 5388 5394 1046 5391 522 5351 1844 5392 5353 5546 5517 5576 5571 
	}
}
varna_node={
	location=1047
	color={
		161 126 128 
	}
	outgoing={
		name="constantinople"
		path={
			7023 7018 1425 1424 
		}
		control={
			4229.000000 1029.000000 4285.000000 974.000000 
		}
	}
	outgoing={
		name="akkerman_node"
		path={
			2122 2061 5385 1428 7021 7014 7041 
		}
		control={
			4268.000000 1120.000000 4303.000000 1178.000000 4337.000000 1215.000000 4354.000000 1253.000000 
		}
	}
	members={
		676 1047 2061 2122 2381 5354 5355 5384 5690 5691 5692 5693 5694 5695 5697 5696 5673 5674 5675 5676 5677 5678 5679 5601 5653 5654 5662 5663 5664 5665 5666 5667 5659 5660 5661 5655 5656 5657 5658 5668 5669 5670 5671 5672 5686 5689 5699 5700 5680 5681 5682 5683 5684 5685 5687 5688 1043 5389 5390 5572 5698 5385 
	}
}
severia_node={
	location=3920
	color={
		140 175 60 
	}
	inland=yes
	outgoing={
		name="ryazan_node"
		path={
			3870 3867 6603 6610 6611 
		}
		control={
			4953.399902 1790.089966 
		}
	}
	outgoing={
		name="kiev"
		path={
			3931 3918 3910 3909 3947 3972 3973 4237 
		}
		control={
			4546.000000 1524.000000 
		}
	}
	members={
		6553 6557 6558 6559 6560 6561 6562 3916 6550 6551 6552 6554 6555 6556 3706 3707 3965 3967 3968 3969 3970 3978 3979 3914 3915 3917 3918 3919 3920 3921 3980 3943 3946 3947 3948 3949 3971 3972 3973 3963 3964 3966 3974 3975 3976 3977 3909 3910 3911 3912 3913 3944 3945 3981 
	}
}
polotsk_node={
	location=4278
	color={
		16 113 155 
	}
	inland=yes
	outgoing={
		name="riga_node"
		path={
			3346 5819 5715 5716 5721 5720 5841 5793 6977 
		}
		control={
			4188.000000 1952.000000 
		}
	}
	outgoing={
		name="smolensk_node"
		path={
			3350 3343 3962 3959 
		}
		control={
			4392.000000 1901.000000 
		}
	}
	outgoing={
		name="kiev"
		path={
			3350 3323 3339 4242 3333 3373 3374 3372 3371 4237 
		}
		control={
			4363.000000 1804.000000 
		}
	}
	outgoing={
		name="warszawa_node"
		path={
			4280 3317 5723 5739 5730 5742 5746 5748 5760 5759 5935 5933 5942 2779 1138 
		}
		control={
			4152.000000 1835.000000 
		}
	}
	members={
		4280 4278 4285 4277 3346 3347 3348 3349 3350 3323 3324 3325 3326 3327 3328 3329 3331 4246 4279 3317 3318 3319 3320 3321 3322 4240 4243 5726 4239 3286 3287 3289 3303 3304 3305 3306 3307 4282 3290 3291 3292 3301 3302 4267 4268 4272 4247 4274 4276 4270 4290 4289 5902 3299 3300 5904 3294 3295 3296 3297 3298 4269 4271 4273 4283 3293 5743 5747 5748 5810 5759 5760 5901 5903 
	}
}
kazan={
	location=6444
	color={
		97 102 135 
	}
	inland=yes
	outgoing={
		name="vyatka_node"
		path={
			6445 6429 6425 6512 
		}
		control={
			5666.000000 2035.000000 
		}
	}
	members={
		6457 6476 6394 6412 6413 6414 6418 6419 6420 6391 6392 6393 6410 6411 6470 6472 6473 6540 6415 6416 6417 6421 6430 6431 6432 6444 6467 6490 6491 6493 6494 6495 6496 6497 6541 6461 6469 6471 6474 6475 6486 6487 6488 6489 6485 6448 6449 6450 6451 6452 6453 6454 6455 6456 6458 6459 6460 6462 6463 6464 6465 6466 6468 
	}
}
vyatka_node={
	location=6512
	color={
		236 159 90 
	}
	inland=yes
	outgoing={
		name="vladimir_node"
		path={
			6511 6514 6517 6502 6499 6564 6687 6690 6692 
		}
		control={
			5330.000000 1920.000000 
		}
	}
	members={
		6498 6499 6500 6501 6502 6503 6519 6429 6513 6514 6515 6516 6517 6518 3942 4244 6422 6423 6424 6425 6478 6208 6209 6211 6212 6213 6214 6504 6207 6508 6509 6510 6511 6512 6505 6426 6427 6428 6445 6446 6447 6477 6479 6480 6481 6482 6483 6506 6507 6484 6492 6682 6683 6684 6685 6686 
	}
}
vologda_node={
	location=6681
	color={
		66 32 81 
	}
	inland=yes
	outgoing={
		name="vladimir_node"
		path={
			6186 6576 6183 6569 6692 
		}
		control={
			4953.000000 2070.000000 
		}
	}
	outgoing={
		name="novgorod"
		path={
			6680 3848 3841 3842 3843 6179 6180 6135 6134 6132 6146 6144 
		}
		control={
			4641.000000 2175.000000 
		}
	}
	members={
		6564 6565 6566 6687 6688 6689 6189 6190 6191 6192 6193 6194 6210 6182 6183 6184 6185 6186 6187 6188 6181 6195 6196 6197 6198 6199 6200 6201 6202 6203 6204 6205 6206 6680 6681 3836 3837 3838 3839 3840 3841 3845 3846 3847 3842 3843 3844 3850 3851 3852 3853 3848 3849 3854 3855 3856 3857 3858 
	}
}
ryazan_node={
	location=6611
	color={
		146 134 77 
	}
	inland=yes
	outgoing={
		name="smolensk_node"
		path={
			6613 6670 6599 6674 6675 3876 3890 3892 3894 3903 3959 
		}
		control={
			4644.000000 1842.000000 
		}
	}
	outgoing={
		name="vladimir_node"
		path={
			6586 6694 6692 
		}
		control={
			5027.000000 1928.000000 
		}
	}
	members={
		6601 6602 6603 6604 6605 6697 6698 6675 6606 6607 6608 6609 6610 6611 6612 6613 6587 6588 6599 6600 6668 6669 6670 6671 6614 3859 3860 3861 3862 3864 3876 6672 6673 6674 3871 3872 3873 3874 3877 3878 3879 3880 3883 3863 3865 3866 3867 3868 3869 3870 3875 3922 3881 3882 3896 3923 3924 3925 3926 3927 3928 3929 3930 3931 3932 3933 3934 3950 3951 
	}
}
vladimir_node={
	location=6692
	color={
		206 181 97 
	}
	inland=yes
	outgoing={
		name="smolensk_node"
		path={
			6677 6678 6593 6596 6590 6589 3885 3888 3893 3891 3894 3903 3959 
		}
		control={
			4677.000000 1995.000000 
		}
	}
	outgoing={
		name="novgorod"
		path={
			6677 6676 6679 3816 3814 6580 6166 6165 6164 6155 6154 6151 6144 
		}
		control={
			4655.000000 2064.000000 
		}
	}
	members={
		6542 6543 6544 6545 6546 6547 6548 6549 6582 6583 6584 6585 6586 6695 6696 6567 6568 6569 6677 6690 6691 6692 6693 6694 3818 3819 6592 6593 6676 6678 6679 3884 3885 6589 6590 6591 6594 6595 6596 6597 6598 3807 3808 3809 3810 3811 3812 3813 3814 3815 3816 6570 6571 6572 6573 6574 6575 6576 6577 6578 6579 3833 3834 3835 6164 6165 6166 6167 6168 6580 6581 
	}
}
smolensk_node={
	location=3959
	color={
		106 160 43 
	}
	inland=yes
	outgoing={
		name="novgorod"
		path={
			3960 3899 3831 3829 3826 3823 6147 6149 6151 6144 
		}
		control={
			4422.779785 1980.439941 
		}
	}
	outgoing={
		name="riga_node"
		path={
			3962 3343 3350 4278 3346 5819 5715 5716 5721 5720 5841 5793 6977 
		}
		control={
			4286.000000 1998.000000 
		}
	}
	outgoing={
		name="kiev"
		path={
			3312 3313 3332 3334 3948 3971 3973 4237 
		}
		control={
			4489.000000 1783.000000 
		}
	}
	members={
		3310 3936 3937 3938 3939 3952 3953 3935 3820 3904 3905 3906 3907 3908 4245 3961 3886 3887 3888 3891 3893 3901 3940 3957 3889 3890 3892 3894 3895 3897 3898 3941 3902 3903 3955 3956 3958 3959 3960 3962 3314 3826 3827 3828 3829 3831 3899 3900 3311 3312 3313 3341 3342 3343 3344 3345 3332 3334 3335 3337 3338 3339 3340 3954 
	}
}
kiev={
	location=4237
	color={
		81 123 210 
	}
	inland=yes
	outgoing={
		name="lviv_node"
		path={
			3371 3370 3353 4261 4262 3356 4252 5708 608 
		}
		control={
			4178.000000 1516.000000 
		}
	}
	outgoing={
		name="akkerman_node"
		path={
			3368 3364 3724 3722 3715 7041 
		}
		control={
			4359.000000 1418.000000 
		}
	}
	members={
		3363 3364 3365 3367 3368 3369 4237 3353 3354 4256 4258 4259 4261 4257 3288 3352 3370 3371 3372 4238 3361 4255 4263 4264 5945 4284 3783 3728 4242 2517 4254 2738 3360 3359 3357 3362 3336 3366 3719 3720 3724 3725 3726 3727 3333 3714 3715 3716 3717 3718 3721 3722 3723 3308 3309 3330 3373 3374 4235 4236 4241 
	}
}
akkerman_node={
	location=7041
	color={
		136 157 23 
	}
	outgoing={
		name="lviv_node"
		path={
			5604 5608 5620 5621 5627 5638 5652 604 5946 766 5980 5979 608 
		}
		control={
			4098.000000 1432.000000 
		}
	}
	outgoing={
		name="constantinople"
		path={
			7042 7021 1681 1680 7005 1424 
		}
		control={
			4378.000000 1249.000000 4305.000000 999.000000 
		}
	}
	members={
		5625 5626 5633 5635 5636 5648 5649 5609 5610 5614 5615 5616 5618 5624 5622 5623 5629 5630 5631 5632 5634 5641 5613 5619 5620 5611 5612 5617 5621 7041 5627 5628 5637 5638 5639 5651 5652 5640 5642 5643 5644 5645 5646 5647 5650 5602 5603 5604 5605 5606 5607 5608 
	}
}
constantinople={
	location=1424
	color={
		149 45 102 
	}
	outgoing={
		name="candia_node"
		path={
			7004 1421 5287 4153 5290 352 1429 1431 1407 2674 7074 7078 
		}
		control={
			4233.000000 928.000000 4153.000000 914.000000 4110.000000 888.000000 4079.000000 862.000000 4065.000000 792.000000 4065.000000 694.000000 
		}
	}
	members={
		2233 1062 1059 582 1045 2397 5298 6344 663 2446 2062 717 5302 5303 5315 2682 1424 1022 1952 2189 2676 2395 2435 5285 5299 573 2166 2132 5306 5305 5352 5304 5301 1060 3378 3382 3383 3384 3385 5294 6343 57 1051 1052 2675 3377 3380 4856 5292 5293 2182 4878 4882 5291 5295 5296 5297 5300 1049 1054 2102 5286 5287 5288 5289 5290 
	}
}
candia_node={
	location=7078
	color={
		138 110 130 
	}
	outgoing={
		name="kerkyra_node"
		path={
			7073 1401 1408 614 1355 5512 5348 2773 5373 1416 
		}
		control={
			3917.000000 602.000000 3849.000000 621.000000 3773.000000 672.000000 3694.000000 757.000000 
		}
	}
	outgoing={
		name="napoli_node"
		path={
			7077 7076 1215 5344 1817 5383 7086 623 7087 1709 1635 1630 682 2030 4512 2033 4517 1642 
		}
		control={
			3915.000000 590.000000 3808.000000 599.000000 3688.000000 688.000000 3428.000000 717.000000 3382.000000 744.000000 3385.000000 791.000000 
		}
	}
	members={
		2828 2386 591 2387 612 5331 5332 5333 2686 2683 2679 2678 383 2684 2674 5334 603 623 630 622 1209 2403 2404 2687 7078 1817 611 1215 400 2677 5347 5346 5344 565 659 689 5345 5370 5382 5383 5512 614 389 601 5341 5342 5343 2277 5381 5446 5447 5448 5449 5450 5451 5452 599 401 2342 597 5380 5326 5348 5453 
	}
}
kerkyra_node={
	location=1416
	color={
		181 0 20 
	}
	outgoing={
		name="ragusa"
		path={
			1299 1298 1417 1639 
		}
		control={
			3540.000000 1012.000000 
		}
	}
	outgoing={
		name="napoli_node"
		path={
			5383 7086 623 7087 1709 1635 1630 682 2030 4512 2033 4517 1642 
		}
		control={
			3428.000000 720.000000 3382.000000 750.000000 3385.000000 800.000000 
		}
	}
	members={
		2688 2773 392 2150 5929 5373 5349 5350 1416 598 707 2380 797 271 5376 5442 5374 624 503 713 714 596 2332 2393 2394 5377 5378 595 2391 2390 718 1066 5443 5372 5375 5444 2060 2081 2044 2096 5359 5516 5548 5515 2038 2118 2075 5441 5528 5542 5529 5958 2340 791 1065 2119 2379 5439 5440 5438 5437 
	}
}
pressburg_node={
	location=442
	color={
		34 131 193 
	}
	inland=yes
	outgoing={
		name="wien"
		path={
			4886 2172 
		}
		control={
			3462.000000 1429.000000 
		}
	}
	outgoing={
		name="praha_node"
		path={
			693 2161 5955 4897 2859 2206 5132 5136 781 
		}
		control={
			3495.000000 1513.000000 
		}
	}
	outgoing={
		name="budapest_node"
		path={
			5460 449 2370 5474 5475 
		}
		control={
			3562.000000 1403.000000 
		}
	}
	members={
		442 449 513 5457 5458 5459 5460 5461 5485 457 471 2351 2353 5454 5455 5456 5462 1970 440 2352 2356 5465 5466 5467 5468 458 5472 2126 2364 2497 5469 5470 5471 5496 5497 459 460 554 1968 5463 5464 5495 5498 5499 2225 2834 2853 5500 5915 5916 5917 5918 755 760 2912 5149 5150 5154 2895 1967 
	}
}
budapest_node={
	location=5475
	color={
		230 55 55 
	}
	inland=yes
	outgoing={
		name="wien"
		path={
			441 2362 5478 5480 4891 4886 2172 
		}
		control={
			3521.000000 1387.000000 
		}
	}
	members={
		444 576 5475 5494 5490 5480 5489 5483 2068 438 1973 445 4887 4888 4889 4890 4891 2072 1076 1078 2797 2624 5486 5487 5488 455 2350 2362 2441 5477 5478 5481 5482 441 2370 5474 5476 5479 5491 5492 5493 2521 2369 437 1966 5411 5408 5409 5410 472 5404 5401 5432 5405 5407 5400 5484 470 944 2236 5419 5430 5429 5427 5426 5428 
	}
}
novgorod={
	location=6144
	color={
		97 126 37 
	}
	inland=yes
	outgoing={
		name="neva_node"
		path={
			6146 6145 3423 3427 6965 
		}
		control={
			4426.000000 2178.000000 
		}
	}
	outgoing={
		name="riga_node"
		path={
			6146 6143 6140 6141 3397 6981 5868 5867 5865 5869 5862 5861 6978 6977 
		}
		control={
			4278.000000 2058.000000 
		}
	}
	members={
		6152 6154 6155 6159 6160 6161 6162 6163 3830 3832 6144 6147 6148 6149 6150 6151 6153 6169 6170 6171 6172 6173 6174 6175 6176 3424 6132 6133 6134 6135 6143 6145 6146 3398 6136 6137 6138 6139 6140 6141 6142 3394 3395 3396 3397 4281 5897 5898 5900 3315 3390 3391 3392 3393 5899 6156 6158 3316 3821 3822 3823 3824 3825 6157 
	}
}
lviv_node={
	location=608
	color={
		205 38 38 
	}
	inland=yes
	outgoing={
		name="krakow"
		path={
			1077 145 5963 1962 2618 3011 2419 
		}
		control={
			3810.000000 1545.000000 
		}
	}
	members={
		608 766 1077 1149 5966 5974 5978 5979 5980 1140 1772 5983 5984 5965 5967 5981 5982 5985 145 620 2224 5962 5963 5968 5969 5970 5972 604 633 5946 5977 5943 5961 4260 4265 4266 3239 3240 4248 4250 4291 4292 5703 5704 5973 3351 3355 3356 4249 4251 4252 4253 4262 5944 2500 2626 2017 5705 5706 5707 5708 5975 5976 
	}
}
wroclaw_node={
	location=822
	color={
		84 166 93 
	}
	inland=yes
	outgoing={
		name="berlin_node"
		path={
			4910 826 2664 827 3016 1778 3017 463 2662 2652 
		}
		control={
			3323.000000 1693.000000 
		}
	}
	outgoing={
		name="praha_node"
		path={
			2814 4904 4909 5140 2846 2861 781 
		}
		control={
			3407.000000 1596.000000 
		}
	}
	outgoing={
		name="krakow"
		path={
			816 812 2826 2663 4915 3015 3013 2419 
		}
		control={
			3584.000000 1579.000000 
		}
	}
	members={
		815 2823 2825 2945 2908 301 4919 4911 4912 813 822 816 2821 2822 4901 4910 4908 4905 812 817 819 2660 2663 2815 2826 2943 4918 288 820 2414 2904 2905 5927 4915 4909 2878 2817 826 2814 818 4902 4903 4904 4906 4907 827 2664 835 263 828 4917 4916 2650 3205 1971 1190 2805 307 834 2833 3019 3020 757 1956 1778 468 1755 3017 3018 3016 
	}
}
krakow={
	location=2419
	color={
		214 120 135 
	}
	inland=yes
	outgoing={
		name="warszawa_node"
		path={
			3011 3010 409 3007 2300 5909 1138 
		}
		control={
			3733.000000 1628.000000 
		}
	}
	outgoing={
		name="berlin_node"
		path={
			5964 2823 815 5927 820 819 2820 2832 4909 307 3020 3019 1190 468 463 2662 2652 
		}
		control={
			3519.000000 1669.000000 
		}
	}
	members={
		2419 3011 3012 3013 4033 965 3014 3015 5964 329 2301 2196 5994 5998 5987 2618 3010 5988 961 2282 97 2244 4913 4914 5253 5971 5986 412 1207 1224 4052 5254 5258 5260 5261 5262 53 5248 5249 5252 5257 5256 5259 5255 5250 850 1210 2757 2759 2769 2795 2783 5246 5251 593 1993 2799 2758 2761 5247 5995 5996 5997 1962 2311 
	}
}
warszawa_node={
	location=1138
	color={
		195 149 155 
	}
	inland=yes
	outgoing={
		name="danzig_node"
		path={
			2779 2785 2302 720 4848 6999 1600 
		}
		control={
			3714.000000 1776.000000 
		}
	}
	members={
		2195 308 2633 2637 2415 5990 5999 6000 2016 3005 3006 5989 5938 5991 5909 5910 2266 2658 2756 2768 5905 5906 5992 5993 1223 1217 4275 5908 5911 5912 5940 5942 1213 2779 2785 5933 5934 5935 5936 5937 706 1218 2302 2304 5913 5914 5939 5941 380 2760 1138 2770 2772 5907 409 3004 2300 2763 3007 3008 
	}
}
vilna_node={
	location=5732
	color={
		154 69 116 
	}
	inland=yes
	outgoing={
		name="danzig_node"
		path={
			5744 5749 5750 5754 5756 4841 4839 4840 4852 4825 4860 4824 4851 6999 1600 
		}
		control={
			3870.000000 1878.000000 
		}
	}
	outgoing={
		name="riga_node"
		path={
			5733 5735 5764 5762 5789 5793 6977 
		}
		control={
			3897.000000 1977.000000 
		}
	}
	members={
		5730 5732 5733 5734 5735 5738 5739 5740 5742 5744 5745 5746 5749 5751 5752 5781 5709 5710 5711 5712 5713 5714 5736 5737 5722 5723 5724 5725 5727 5728 5731 5819 5758 5750 5753 5754 5755 5756 5757 5741 5729 5761 5762 5763 5764 5770 5774 5775 5776 5772 5765 5766 5767 5768 5769 5771 5773 5777 5778 5779 5780 5782 5783 5784 5785 5820 5786 5787 
	}
}
neva_node={
	location=6965
	color={
		182 134 100 
	}
	outgoing={
		name="reval_node"
		path={
			6966 6967 6970 6971 5889 
		}
		control={
			4178.000000 2234.000000 
		}
	}
	members={
		3243 3244 3245 3246 3248 3249 3250 3251 3261 3262 3263 3264 3265 3266 3267 3268 3241 3242 3253 3257 3258 3259 3260 3252 3269 3270 3272 3273 3274 3275 6965 3423 3276 3277 3278 3279 3280 3281 3282 3422 3271 3425 3426 3427 3428 3429 3254 3415 3416 3417 3418 3419 3420 3421 3283 3284 3285 6177 6178 6179 6180 
	}
}
reval_node={
	location=5889
	color={
		248 125 125 
	}
	outgoing={
		name="stockholm_node"
		path={
			5890 6972 6974 6985 6984 6983 6996 6992 
		}
		control={
			3752.000000 2204.000000 
		}
	}
	outgoing={
		name="riga_node"
		path={
			5890 5887 5855 5850 6979 6977 
		}
		control={
			3983.000000 2058.000000 
		}
	}
	members={
		5864 5865 5866 5867 5868 5869 5870 5834 5835 5858 5859 5860 5861 5862 5863 5831 5832 5836 5837 5838 5839 5840 5896 5842 5843 5844 5845 5846 5847 5848 5851 5849 5850 5852 5853 5854 5855 5856 5857 5887 5889 5890 5891 5892 5893 5894 5895 5879 5880 5881 5882 5883 5884 5885 5886 
	}
}
riga_node={
	location=6977
	color={
		70 70 70 
	}
	outgoing={
		name="baltic_sea"
		path={
			5798 5800 1465 1466 1542 
		}
		control={
			3746.000000 2094.000000 
		}
	}
	members={
		5796 5798 5799 5809 5795 5797 5807 5808 4831 5800 5801 5802 5803 5804 5805 5806 5788 5789 5790 5791 5792 5793 5794 5841 5715 5716 5717 5718 5719 5720 5721 5952 6977 5812 5813 5823 5826 5827 5828 5829 5830 5833 5811 5814 5815 5816 5817 5818 5821 5822 5824 5825 5871 5872 5873 5874 5875 5876 5877 5878 
	}
}
stockholm_node={
	location=6992
	color={
		8 82 165 
	}
	outgoing={
		name="baltic_sea"
		path={
			6996 6983 1542 
		}
		control={
			3510.860107 2082.129883 
		}
	}
	members={
		3247 3255 3256 6109 6114 6115 6116 6098 6099 6100 6111 6112 6113 6117 6101 6102 6103 6104 6105 6106 6107 6119 6121 6122 6123 6124 6126 6127 6068 6069 6094 6095 6096 6097 6125 6083 6087 6088 6089 6090 6091 6092 6076 6077 6078 6079 6080 6081 6082 6110 6118 6120 6108 6128 6129 6093 6992 
	}
}
danzig_node={
	location=1600
	color={
		5 51 102 
	}
	outgoing={
		name="baltic_sea"
		path={
			1543 1541 1542 
		}
		control={
			3646.000000 1941.000000 
		}
	}
	outgoing={
		name="berlin_node"
		path={
			4816 4815 4814 1591 1469 1605 48 2666 843 3214 2652 
		}
		control={
			3538.000000 1763.000000 3324.000000 1727.000000 
		}
	}
	members={
		607 720 2307 2764 4820 4823 4847 4838 1600 4839 4841 4842 4843 4844 4845 4846 4848 4849 4821 4822 4824 4826 4827 4850 4851 4859 4855 4854 4825 4860 4861 4857 4840 4858 4852 4853 4828 4829 4830 4832 4833 4834 4835 4836 43 2494 2765 4813 4817 4818 4812 4837 402 2790 2767 2789 4815 4816 4819 5925 
	}
}
berlin_node={
	location=2652
	color={
		123 90 90 
	}
	inland=yes
	outgoing={
		name="lubeck"
		path={
			3214 845 3209 2310 5267 5268 1607 
		}
		control={
			3181.000000 1786.000000 
		}
	}
	outgoing={
		name="hannover_node"
		path={
			2634 2934 233 842 2938 848 2647 2230 
		}
		control={
			3135.000000 1718.000000 
		}
	}
	outgoing={
		name="baltic_sea"
		path={
			3212 50 4805 2635 4807 838 49 2208 4810 2009 1591 1462 1706 1542 
		}
		control={
			3286.000000 1747.000000 3319.000000 1788.000000 3303.000000 1825.000000 3447.000000 1873.000000 
		}
	}
	outgoing={
		name="saxony"
		path={
			3211 59 2923 2890 222 1750 229 2926 232 
		}
		control={
			3160.770020 1675.540039 
		}
	}
	members={
		49 838 2661 2632 2635 4805 4807 4809 3210 626 880 881 889 2198 2201 2417 2507 4804 4808 59 2492 2208 859 2009 2199 4810 4811 4814 1858 50 242 839 843 2197 2662 2666 3212 3213 3214 2634 2652 2640 2933 241 3211 2649 2935 2442 2934 845 234 239 746 233 3207 3209 589 2631 410 2309 882 2667 1987 406 883 860 1861 2923 48 851 858 2623 2641 2642 5263 5264 304 463 
		2929
	}
}
baltic_sea={
	location=1542
	color={
		65 80 255 
	}
	outgoing={
		name="lubeck"
		path={
			1706 1540 1598 1608 1592 1606 1607 
		}
		control={
			3443.000000 1966.000000 3307.000000 1919.000000 3212.000000 1874.000000 3137.000000 1842.000000 
		}
	}
	members={
		6060 6061 6062 6063 6064 6065 6066 6067 656 802 1795 6050 6051 6055 6056 6057 2313 2812 6048 6052 6053 6054 6058 6059 823 1794 2232 2410 2808 2961 6049 6047 243 2697 2699 2700 6130 6131 1542 6045 378 863 1802 1807 2303 2498 4130 6046 170 654 864 1810 2657 2730 2731 6044 
	}
}
toledo_node={
	location=1208
	color={
		170 151 21 
	}
	inland=yes
	outgoing={
		name="biscay_node"
		path={
			1236 4394 1221 4396 4372 2109 2739 2057 1108 4356 4355 1366 
		}
		control={
			2154.000000 906.000000 
		}
	}
	outgoing={
		name="sevilla"
		path={
			2093 1220 4418 4443 1202 1 2882 4424 264 1342 
		}
		control={
			1983.000000 846.000000 1935.000000 744.000000 1893.000000 648.000000 
		}
	}
	outgoing={
		name="lisbon_node"
		path={
			2093 446 1211 4383 4460 2253 4459 1346 
		}
		control={
			1853.000000 854.000000 
		}
	}
	members={
		284 1208 2777 4398 4400 4401 4402 4404 702 777 2134 2503 2791 2792 4407 4408 767 1206 1230 2138 4393 4403 4406 4409 1106 1221 1236 4394 4395 4396 4399 4397 20 395 1212 4411 4384 4385 4389 4462 1220 2178 4386 4387 4392 4413 4418 42 446 1211 4405 4388 4390 4391 4419 
	}
}
lisbon_node={
	location=1346
	color={
		57 160 101 
	}
	outgoing={
		name="coruna_node"
		path={
			1343 1344 1345 4323 740 
		}
		control={
			1744.000000 990.000000 
		}
	}
	outgoing={
		name="sevilla"
		path={
			1611 1445 6936 1342 
		}
		control={
			1707.000000 669.000000 
		}
	}
	members={
		1234 2951 4444 4445 4446 4452 4465 1346 728 2023 4447 4448 4449 4450 4453 4454 690 2243 2263 2581 2593 4451 4455 4478 744 1121 2344 4467 4468 4469 4473 4477 312 742 2252 4463 4464 4470 4471 4472 743 1126 1128 2253 4459 4460 4461 4476 1135 2249 2264 2265 4456 4457 4458 4383 
	}
}
sevilla={
	location=1342
	color={
		120 188 31 
	}
	outgoing={
		name="barcelona_node"
		path={
			1559 2374 4439 403 1362 1332 1695 1311 1310 1336 1955 
		}
		control={
			2264.000000 782.000000 
		}
	}
	members={
		1834 4410 4442 4443 4479 443 2374 4430 4431 4436 4440 4466 4487 9 80 403 4432 4433 4434 4437 4439 1342 74 1225 1974 2669 2670 4412 4429 4441 4480 1 264 1202 1867 2882 2920 4423 4424 4425 191 267 769 1436 2183 4435 4438 4475 4486 2 290 619 761 2333 4421 4426 4427 4428 385 801 2968 4414 4415 4416 4417 4420 4422 
	}
}
coruna_node={
	location=740
	color={
		99 14 87 
	}
	outgoing={
		name="biscay_node"
		path={
			4324 1365 1364 1366 
		}
		control={
			2050.000000 1020.000000 
		}
	}
	members={
		740 1147 4323 4324 4325 4328 4330 4333 844 1008 2722 4334 4335 4336 4338 4340 1237 2720 4337 4339 4367 4368 4380 4381 571 1195 4348 4349 4350 4351 4352 4353 496 644 2723 2724 4326 4327 4329 4331 4332 645 2718 2721 4343 4344 4345 4346 4347 4382 788 2337 2719 2850 4369 4370 4474 4341 4342 
	}
}
biscay_node={
	location=1366
	color={
		166 68 72 
	}
	outgoing={
		name="bordeaux"
		path={
			1685 1686 1363 
		}
		control={
			2221.000000 1245.000000 
		}
	}
	outgoing={
		name="barcelona_node"
		path={
			4360 4103 2289 1992 515 1245 4298 1791 4296 1955 
		}
		control={
			2348.000000 986.000000 
		}
	}
	members={
		2599 4028 4029 4032 4354 4355 4356 4360 520 2160 4094 4362 4363 4364 4365 4366 519 2109 2739 4372 4373 4374 4375 4321 1108 4357 4358 4359 4361 4376 4377 4378 432 1219 1370 4030 4304 4305 4306 4307 738 1689 4026 4313 4315 2714 4308 4379 1366 567 711 1193 1371 4309 4310 4311 4312 4320 4371 
	}
}
montpellier_node={
	location=2423
	color={
		24 13 226 
	}
	outgoing={
		name="marseille_node"
		path={
			1330 2671 
		}
		control={
			2455.000000 1113.000000 2495.000000 1100.000000 2548.000000 1093.000000 2601.000000 1103.000000 2650.000000 1097.000000 
		}
	}
	outgoing={
		name="bordeaux"
		path={
			1330 2671 
		}
		control={
			2378.000000 1157.000000 2362.000000 1165.000000 2354.000000 1163.000000 2350.000000 1168.000000 2353.610107 1172.209961 2322.000000 1189.000000 2316.000000 1184.000000 2303.000000 1195.000000 2293.000000 1198.000000 2291.000000 1215.000000 
		}
	}
	members={
		758 1279 2787 2289 2801 2910 4072 4077 4056 4061 4065 2423 4064 1273 1280 1283 2924 545 2903 2947 1285 1334 1222 1278 1281 2776 2780 2802 4066 4067 306 1152 2290 2896 4063 4071 4073 2816 
	}
}
bordeaux={
	location=1363
	color={
		81 30 243 
	}
	outgoing={
		name="nantes_node"
		path={
			4093 4091 2063 2173 
		}
		control={
			2183.000000 1335.000000 
		}
	}
	outgoing={
		name="tours_node"
		path={
			1266 868 1267 2864 2489 
		}
		control={
			2327.000000 1334.000000 
		}
	}
	members={
		322 736 774 2003 2324 4089 4102 4500 1363 4103 832 1277 1767 2796 4100 4068 4070 710 868 1266 4091 4092 4093 4497 4498 825 1282 2900 4057 4095 4099 4104 1258 2169 4088 4090 4096 4107 4108 4109 4044 4054 4059 4062 4069 4499 
	}
}
barcelona_node={
	location=1955
	color={
		213 132 76 
	}
	outgoing={
		name="marseille_node"
		path={
			2013 2051 1334 
		}
		control={
			2552.000000 997.000000 
		}
	}
	members={
		653 2701 2702 2873 926 784 4303 4299 871 1109 1396 2024 4314 4316 4317 4318 237 465 1690 2336 2693 2782 4319 4485 516 1181 1955 2051 2054 2597 4295 4297 313 1178 1791 2052 4296 4300 4301 4322 515 668 1245 1788 1790 1793 4298 4302 849 917 2881 
	}
}
tours_node={
	location=2489
	color={
		73 103 243 
	}
	inland=yes
	outgoing={
		name="champagne"
		path={
			1183 1177 2818 2824 4035 1264 1306 183 
		}
		control={
			2525.000000 1415.000000 
		}
	}
	outgoing={
		name="nantes_node"
		path={
			2059 1289 4496 4492 2173 
		}
		control={
			2282.000000 1377.000000 
		}
	}
	outgoing={
		name="besancon_node"
		path={
			2887 2088 814 2916 2917 988 4040 4037 765 2845 2582 2579 2990 
		}
		control={
			2553.209961 1360.890015 
		}
	}
	members={
		1246 4043 2892 4041 1753 4055 1268 906 1271 1275 1754 2898 4053 1270 1175 1183 2489 2887 780 1272 1274 681 2162 4106 4101 2909 2830 4075 1269 2778 749 836 4074 2916 1276 2849 814 988 2843 2885 2915 2917 4036 4121 805 1174 1177 1948 2088 2818 4042 2864 1229 1267 
	}
}
nantes_node={
	location=2173
	color={
		78 59 111 
	}
	outgoing={
		name="english_channel"
		path={
			4492 4493 798 397 1673 1434 1676 1734 
		}
		control={
			2156.000000 1366.000000 2003.000000 1410.000000 2016.000000 1468.000000 2109.000000 1489.000000 2206.000000 1478.000000 2198.000000 1538.000000 2347.000000 1574.000000 2433.000000 1644.000000 
		}
	}
	outgoing={
		name="champagne"
		path={
			4492 2163 2913 1183 1177 2818 2824 4035 1264 1306 183 
		}
		control={
			2382.000000 1514.000000 
		}
	}
	members={
		1165 2173 2063 4105 4492 4491 4496 1151 1164 1168 1169 2294 4488 4489 936 1166 4078 4079 4080 4490 4493 4081 1191 1289 1290 2059 2163 2177 2913 4087 672 688 1091 2121 2856 2868 2949 4098 4082 1172 2948 2156 4084 4495 2875 1255 136 397 798 1167 1170 1171 2067 4494 
	}
}
cork_node={
	location=258
	color={
		6 127 2 
	}
	outgoing={
		name="lothian_node"
		path={
			1438 1373 1391 108 1439 338 2439 2621 1380 
		}
		control={
			1769.000000 1921.000000 
		}
	}
	outgoing={
		name="irish_sea_node"
		path={
			1438 1373 1391 1389 
		}
		control={
			1904.000000 1693.000000 
		}
	}
	members={
		2959 4714 2798 891 2305 4717 575 258 772 921 3190 4713 4715 4721 2312 2373 422 324 2775 4722 4719 333 4728 150 857 2327 4725 4724 4723 2321 4718 247 426 861 885 2209 2496 4726 4727 2345 393 127 837 862 4730 773 841 2737 2622 2495 4729 856 4720 853 2619 2614 2668 2308 4716 2617 855 
	}
}
irish_sea_node={
	location=1389
	color={
		135 25 3 
	}
	outgoing={
		name="english_channel"
		path={
			2250 634 1125 1162 4690 4691 5211 2107 1734 
		}
		control={
			1957.839966 1683.989990 1939.000000 1552.000000 2202.000000 1578.000000 
		}
	}
	members={
		212 2481 108 2470 2461 4695 2261 1139 1113 2258 1145 4693 2240 1796 421 4696 2250 634 1132 2247 4694 424 2238 1876 2143 1838 396 4683 4685 2115 884 4686 696 21 118 5209 4684 2141 320 2170 2452 2448 2360 2242 2267 4708 2372 1389 1756 667 574 2781 5207 4709 3200 662 1067 266 664 1823 4712 579 349 4711 
	}
}
lothian_node={
	location=1380
	color={
		37 113 207 
	}
	outgoing={
		name="north_sea"
		path={
			1692 1522 1383 6926 6930 6931 6952 
		}
		control={
			2355.000000 2187.000000 
		}
	}
	outgoing={
		name="english_channel"
		path={
			1381 1384 1379 5211 2107 1734 
		}
		control={
			2208.000000 1951.000000 2320.000000 1841.000000 2456.000000 1730.000000 
		}
	}
	members={
		2621 1101 916 923 933 477 846 2439 2651 1777 1040 2026 2083 28 1998 2285 2375 2293 572 4703 4704 4705 4701 3001 5114 5201 5202 5203 5204 5205 5206 4706 4707 674 721 2413 4699 4702 2989 643 978 2625 102 1044 1865 2712 641 2715 4700 4710 5931 282 405 1039 1114 1751 2239 4698 2533 1380 338 345 542 887 2681 2548 2465 1105 
	}
}
english_channel={
	location=1734
	color={
		202 26 26 
	}
	outgoing={
		name="antwerp_node"
		path={
			1698 896 1672 
		}
		control={
			2434.000000 1658.000000 2498.000000 1639.000000 2574.000000 1670.000000 
		}
	}
	members={
		695 722 2499 4687 986 2272 1133 2566 2611 495 497 627 498 2005 4688 1997 2268 2274 1242 2564 2571 4690 4691 2107 2188 2596 2535 5211 5210 5212 22 2295 2256 2004 5221 4692 1162 4689 963 783 2609 5217 5219 83 786 4697 5213 1799 2592 2591 4227 5220 5218 1125 1734 85 2689 1842 1110 790 5216 5215 5214 
	}
}
north_sea={
	location=6952
	color={
		117 165 188 
	}
	outgoing={
		name="hamburg_node"
		path={
			3994 6955 6958 1666 5227 348 1443 1444 1335 
		}
		control={
			2708.000000 2104.000000 2852.000000 2015.000000 2873.290039 1899.670044 2899.000000 1835.000000 
		}
	}
	outgoing={
		name="lubeck"
		path={
			3994 6026 6956 6959 1534 1594 1537 1538 361 1607 
		}
		control={
			2753.000000 2097.000000 3056.000000 2080.000000 3078.000000 1985.000000 3071.000000 1886.000000 3103.000000 1852.000000 
		}
	}
	members={
		6001 6004 6005 6006 6010 6024 6026 6002 6003 6007 6012 6021 6022 6023 6011 6013 6014 6015 6016 6017 6018 6028 6029 6030 6031 6032 6033 6034 6035 6036 6037 6038 6039 6040 6041 6008 6009 6020 6025 6027 6042 6043 6070 6071 6072 6073 6074 6075 6084 6019 6085 6086 6952 
	}
}
napoli_node={
	location=1642
	color={
		100 50 150 
	}
	outgoing={
		name="firenze_node"
		path={
			1624 4526 2034 2235 1835 4525 2707 732 2942 1024 117 1813 640 
		}
		control={
			3234.000000 966.000000 
		}
	}
	outgoing={
		name="ancona_node"
		path={
			4516 3191 2216 4518 4520 3023 2194 4522 2129 2444 874 
		}
		control={
			3288.000000 1040.000000 
		}
	}
	members={
		433 523 528 531 551 2029 4509 4515 4518 559 638 1877 2041 2711 4502 4503 4504 555 796 1089 2091 2095 2097 4507 4508 488 525 1179 2703 2709 2952 4505 4506 637 682 2030 2040 2149 2220 2234 4510 431 1188 1189 2950 4513 4514 5173 5174 556 564 2033 2087 2880 4511 4512 4517 566 833 1180 2082 2216 2297 3191 4516 1642 1176 4519 2223 2053 4520 2098 2046
	}
}
ragusa={
	location=1639
	color={
		122 46 58 
	}
	outgoing={
		name="venice"
		path={
			1631 1632 1637 1645 1643 1292 1646 1627 
		}
		control={
			3276.000000 1162.000000 
		}
	}
	members={
		137 305 475 1081 1963 2348 2420 2421 1972 1080 2214 1780 2349 5423 5418 5431 318 507 511 902 1079 1804 1964 5435 5436 2974 1083 473 474 2367 133 5433 303 2418 5424 5425 2368 1639 5566 5568 533 2085 
	}
}
ancona_node={
	location=874
	color={
		226 223 180 
	}
	outgoing={
		name="venice"
		path={
			1625 1292 1646 1627 
		}
		control={
			3226.000000 1142.000000 3177.000000 1173.000000 
		}
	}
	members={
		435 1184 1768 2049 5175 2094 2055 2865 2037 2222 1182 5176 4521 436 524 560 2042 2218 973 1033 1095 1787 2422 874 2444 2129 2484 2194 4522 2610 2605 1801 1173 1784 1026 2602 5177 715 1031 1098 1779 1805 2018 2603 4541 113 729 974 1048 2105 2604 2612 5193 647 4524
	}
}
praha_node={
	location=781
	color={
		181 159 60 
	}
	inland=yes
	outgoing={
		name="saxony"
		path={
			782 806 2831 5131 2841 2809 61 1226 373 2323 376 232 
		}
		control={
			3225.000000 1589.000000 
		}
	}
	outgoing={
		name="regensburg_node"
		path={
			2869 2871 5146 2876 2733 950 177 
		}
		control={
			3223.000000 1493.000000 
		}
	}
	outgoing={
		name="wien"
		path={
			5136 5132 2206 2859 4897 2168 2161 2172 
		}
		control={
			3328.000000 1453.000000 
		}
	}
	members={
		781 2837 2844 2846 2820 2861 5135 5136 5140 2940 2202 803 795 2832 5141 5143 5144 5142 416 2206 2847 2848 2866 2870 2883 5132 5134 782 806 808 2836 2842 2869 5133 5137 5138 778 785 2863 2867 2871 2872 2877 5130 5145 2831 792 2841 253 810 5131 2860 5146 2876 2911 2914 775 2859 2941 5147 5148 5151 2893 776 768 2838 5153 5152 5139 
	}
}
wien={
	location=2172
	color={
		220 220 220 
	}
	inland=yes
	outgoing={
		name="regensburg_node"
		path={
			4894 2179 900 2151 5162 683 2550 2557 938 177 
		}
		control={
			3250.000000 1432.000000 
		}
	}
	outgoing={
		name="venice"
		path={
			4894 2179 5160 2970 2137 1824 4224 4868 1580 4554 485 1627 
		}
		control={
			3342.000000 1299.000000 
		}
	}
	members={
		670 942 691 915 945 5415 5416 5422 5954 128 685 1086 1822 2140 2142 2145 2146 4899 5160 185 703 1816 1821 2139 5156 5157 5158 5159 5414 168 665 693 2161 2172 2181 4885 4886 4892 4893 190 673 900 1829 2151 2171 2179 4894 4896 134 680 726 2168 2180 4895 4897 5953 5955 686 2112 2153 199 4114 2113 683 4898 5162 5161 
	}
}
saxony={
	location=232
	color={
		155 147 180 
	}
	inland=yes
	outgoing={
		name="hannover_node"
		path={
			2926 371 2646 1032 434 140 2230 
		}
		control={
			3033.000000 1663.000000 
		}
	}
	outgoing={
		name="frankfurt_node"
		path={
			2858 2771 3 11 10 164 1943 
		}
		control={
			3010.000000 1627.000000 
		}
	}
	outgoing={
		name="nurnberg_node"
		path={
			376 2323 2810 830 2754 2544 2967 
		}
		control={
			3085.000000 1570.000000 
		}
	}
	members={
		246 502 741 747 2416 2803 2804 2811 2889 244 245 248 829 2806 2809 2835 2884 2937 240 249 252 831 2857 2879 2931 2939 4120 206 221 1055 2890 4118 2899 2926 2965 138 222 223 226 229 1747 1749 1750 2874 830 2810 208 2771 216 207 231 2858 2925 232 373 374 375 376 1226 1232 2323 2851 61 230 224 250 251 372 1228 2807 2852 
	}
}
innsbruck_node={
	location=2174
	color={
		170 43 21 
	}
	inland=yes
	outgoing={
		name="venice"
		path={
			2907 192 487 1580 4554 485 1627 
		}
		control={
			3129.000000 1305.000000 
		}
	}
	outgoing={
		name="regensburg_node"
		path={
			4880 4113 2555 903 2672 2430 177 
		}
		control={
			3121.000000 1408.000000 
		}
	}
	outgoing={
		name="augsburg_node"
		path={
			3025 171 794 1120 1131 1119 1123 
		}
		control={
			3048.000000 1368.000000 
		}
	}
	members={
		1824 2148 2735 914 2137 1094 684 1833 723 4883 2147 669 182 2152 957 76 4872 4873 4871 186 737 1013 1840 2174 2745 4877 4880 180 192 735 987 2071 2513 2556 4124 4230 4874 171 1093 1198 2175 2176 2921 4862 4863 4865 4866 110 489 1020 1021 1235 1996 2110 2187 4876 
	}
}
augsburg_node={
	location=2956
	color={
		249 206 19 
	}
	inland=yes
	outgoing={
		name="nurnberg_node"
		path={
			65 2525 609 89 1743 2543 2967 
		}
		control={
			3065.000000 1477.000000 
		}
	}
	outgoing={
		name="regensburg_node"
		path={
			65 2518 2545 2430 177 
		}
		control={
			3117.000000 1466.000000 
		}
	}
	outgoing={
		name="stuttgart_node"
		path={
			65 2518 2545 2430 177 
		}
		control={
			2996.000000 1474.000000 
		}
	}
	members={
		79 119 357 358 671 1757 2326 2474 2956 679 699 103 2325 1762 2685 64 71 2158 58 62 94 351 354 1102 1872 341 2985 47 617 631 2955 1871 618 2473 439 1196 2449 166 359 1038 1868 1869 1880 2136 2451 70 84 123 1034 1071 1758 4129 2695 96 122 948 1933 1999 2519 2727 2964 2984 
	}
}
regensburg_node={
	location=177
	color={
		17 116 193 
	}
	inland=yes
	outgoing={
		name="nurnberg_node"
		path={
			950 2542 2432 2967 
		}
		control={
			3099.000000 1499.000000 
		}
	}
	members={
		65 194 959 2430 2431 2518 2545 73 172 733 905 911 912 913 2553 2586 4113 195 901 903 904 2672 2524 938 2555 44 198 1072 1073 2753 2437 197 2744 1984 179 184 953 955 1845 2550 2554 2557 2726 87 88 89 609 1061 1743 2525 2991 2547 1070 2733 1879 2542 177 178 950 
	}
}
nurnberg_node={
	location=2967
	color={
		130 13 13 
	}
	inland=yes
	outgoing={
		name="frankfurt_node"
		path={
			2544 2523 1981 8 770 1943 
		}
		control={
			2980.000000 1551.000000 
		}
	}
	outgoing={
		name="stuttgart_node"
		path={
			2543 2100 131 2536 1826 125 1071 2458 
		}
		control={
			2999.000000 1508.000000 
		}
	}
	members={
		2680 120 1744 1036 1037 1041 2536 2100 63 225 369 621 932 1748 1978 1979 2544 2523 937 227 1851 1227 6 949 218 2011 25 125 126 131 139 275 951 1826 2546 66 67 787 941 2432 2754 2967 2957 167 466 1064 1069 1074 2526 2552 347 78 163 272 281 2099 2462 4122 4126 2543 
	}
}
frankfurt_node={
	location=1943
	color={
		114 171 184 
	}
	inland=yes
	outgoing={
		name="hannover_node"
		path={
			770 8 11 935 940 81 2219 2230 
		}
		control={
			2928.000000 1628.000000 
		}
	}
	outgoing={
		name="rheinland"
		path={
			164 2468 23 1760 269 276 1878 1951 
		}
		control={
			2850.000000 1610.000000 
		}
	}
	members={
		5 164 280 334 342 770 1942 1943 2469 2520 927 935 11 8 10 1129 3 1981 2999 16 2973 81 370 371 1032 1773 2628 2629 2645 2646 2648 4 7 26 931 940 1982 1985 2466 2541 2691 2399 865 82 152 279 2512 2972 135 2130 2155 146 147 705 877 1853 1954 2491 2616 2736 141 162 867 876 1809 1936 1953 2504 2505 2508 270 158 261 2378 2998 866 1935 2506 
	}
}
hannover_node={
	location=2230
	color={
		231 230 138 
	}
	inland=yes
	outgoing={
		name="hamburg_node"
		path={
			1831 382 2774 1849 379 628 1335 
		}
		control={
			2950.000000 1750.000000 
		}
	}
	outgoing={
		name="lubeck"
		path={
			2647 848 629 5274 1857 5268 1607 
		}
		control={
			3025.000000 1767.000000 
		}
	}
	outgoing={
		name="amsterdam_node"
		path={
			1775 155 879 2973 867 377 3192 417 1602 
		}
		control={
			2901.000000 1774.000000 2870.000000 1809.000000 2804.000000 1810.000000 2738.000000 1798.000000 2693.000000 1767.000000 
		}
	}
	members={
		52 842 2314 2636 2694 2938 3202 3204 4131 852 2647 2774 848 1855 629 2627 3218 3222 5274 148 364 379 381 429 628 764 1849 1854 140 143 144 434 1205 1827 2644 2741 2794 3002 382 408 430 1204 1775 1831 2154 2219 2230 3003 54 55 1765 1925 2827 2750 2988 3000 56 153 154 155 878 879 1107 2971 875 907 1203 1318 1766 1990 2212 2493 
	}
}
hamburg_node={
	location=1335
	color={
		227 95 7 
	}
	outgoing={
		name="amsterdam_node"
		path={
			1328 1461 1604 1602 
		}
		control={
			2899.000000 1819.000000 2827.000000 1826.000000 2786.000000 1818.000000 2704.000000 1798.000000 2681.699951 1761.099976 
		}
	}
	outgoing={
		name="lubeck"
		path={
			1084 1857 5268 1607 
		}
		control={
			3016.000000 1813.000000 
		}
	}
	members={
		365 658 5222 1231 2316 5232 5273 2320 363 2690 1950 5224 5223 1934 625 5225 5235 5236 5245 5270 5271 348 116 2007 5226 5227 5228 5229 2389 2382 2384 1029 5231 5272 5241 1027 2704 5230 5233 5234 975 2317 2319 2210 1084 5926 1233 1335 362 1857
	}
}
stuttgart_node={
	location=2458
	color={
		111 162 128 
	}
	inland=yes
	outgoing={
		name="zurich_node"
		path={
			2529 1103 2994 2184 1761 1137 2257 1123 
		}
		control={
			2929.000000 1399.000000 
		}
	}
	outgoing={
		name="rheinland"
		path={
			340 268 159 1764 149 4125 23 1760 269 276 1878 1951 
		}
		control={
			2903.000000 1507.000000 
		}
	}
	outgoing={
		name="strassburg_node"
		path={
			2021 350 93 1860 219 2032 1959 
		}
		control={
			2894.000000 1473.000000 
		}
	}
	members={
		46 86 350 482 483 1103 2021 2455 2529 2993 1746 1745 2969 2184 2454 2994 2450 2954 339 217 235 543 2457 1863 2032 236 51 60 215 549 632 952 1882 2048 2751 238 698 701 219 1860 93 2459 2463 72 481 962 69 75 105 1761 209 1875 2979 2981 1137 124 337 336 2732 268 1848 340 335 2982 2458 
	}
}
zurich_node={
	location=1123
	color={
		171 138 124 
	}
	inland=yes
	outgoing={
		name="milan_node"
		path={
			4795 2260 794 1142 1763 2291 1818 
		}
		control={
			2948.000000 1309.000000 
		}
	}
	outgoing={
		name="besancon_node"
		path={
			2248 2245 2275 1156 2567 2328 2990 
		}
		control={
			2825.000000 1343.000000 
		}
	}
	members={
		1115 1116 1119 1120 1123 1131 2237 2241 4795 1873 196 175 173 4128 4801 4864 4881 2245 1134 2255 1124 2254 2257 4794 2248 1870 840 1771 2246 2259 2260 2987 4796 4803 213 214 1141 1160 1239 1249 2273 2284 4793 1112 1117 1130 1148 1150 2276 2278 2281 211 1118 1142 4802 
	}
}
strassburg_node={
	location=1959
	color={
		246 223 15 
	}
	inland=yes
	outgoing={
		name="antwerp_node"
		path={
			310 537 536 36 996 869 2574 2035 1257 4031 183 
		}
		control={
			2791.000000 1445.000000 2769.000000 1457.000000 2765.000000 1455.000000 2746.000000 1467.000000 2706.000000 1472.000000 2705.000000 1481.000000 2697.000000 1487.000000 2694.000000 1494.000000 2689.000000 1502.000000 2682.000000 1514.000000 2675.000000 1524.000000 2668.000000 1531.000000 2654.000000 1534.000000 2651.000000 1545.000000 2644.000000 1550.000000 2662.000000 1571.000000 2658.000000 1586.000000 2646.000000 1604.000000 2647.000000 1622.000000 2625.000000 1630.000000 2625.000000 1637.000000 
		}
	}
	outgoing={
		name="rheinland"
		path={
			310 2665 292 1958 2408 4123 1104 23 1760 269 276 1878 1951 
		}
		control={
			2808.000000 1536.000000 
		}
	}
	members={
		132 311 265 293 592 1960 2568 2572 5599 274 536 537 540 605 1752 2101 2537 4115 37 38 295 309 310 606 1961 1959 2958 289 292 294 297 302 1945 1958 2385 2665 27 34 287 869 996 997 2447 2483 2575 33 35 36 273 300 2692 2749 4117 4116 29 31 30 32 189 980 2035 2573 2574 181 873 1776 1930 2477 2480 2482 2488 
	}
}
rheinland={
	location=1951
	color={
		50 250 50 
	}
	inland=yes
	outgoing={
		name="amsterdam_node"
		path={
			2620 291 2501 3195 3196 1602 
		}
		control={
			2771.000000 1658.000000 
		}
	}
	outgoing={
		name="antwerp_node"
		path={
			2620 291 99 2409 1856 95 1672 
		}
		control={
			2613.000000 1610.000000 
		}
	}
	members={
		39 40 121 260 277 344 1937 1940 2464 2490 157 160 291 269 276 1878 1951 2424 1938 2620 4110 2502 2995 2997 2510 161 2006 909 2008 1742 23 41 77 278 1011 1760 1941 2752 4111 4112 17 18 24 114 188 315 771 1104 2511 2598 2467 2408 467 2406 298 159 151 343 4123 299 2530 928 922 2534 2516 894 256 888 4125 149 346 762 1764 2405 2460 2468 2962 2986 
	}
}
champagne={
	location=183
	color={
		55 67 217 
	}
	inland=yes
	outgoing={
		name="antwerp_node"
		path={
			4020 4021 2539 91 92 2855 1672 
		}
		control={
			2562.000000 1556.000000 
		}
	}
	outgoing={
		name="besancon_node"
		path={
			1199 419 4048 2338 2579 2990 
		}
		control={
			2678.000000 1429.000000 
		}
	}
	members={
		754 1264 1259 1199 1257 807 419 983 752 793 1197 1265 2824 2919 4035 4049 183 750 1253 1306 2471 4020 4025 4031 748 751 1214 2886 2897 4051 1194 1200 1201 1252 1792 4022 4023 548 809 811 1097 1099 1100 1216 2784 4060 694 1256 1901 2540 2762 2766 2927 
	}
}
besancon_node={
	location=2990
	color={
		148 30 70 
	}
	inland=yes
	outgoing={
		name="marseille_node"
		path={
			2891 982 970 486 1291 388 1001 991 2671 
		}
		control={
			2656.000000 1297.000000 2658.000000 1225.000000 2645.000000 1166.000000 2645.000000 1120.000000 
		}
	}
	outgoing={
		name="strassburg_node"
		path={
			2579 2338 4034 4038 1199 183 
		}
		control={
			2830.000000 1402.000000 2841.000000 1424.000000 2851.000000 1442.000000 
		}
	}
	members={
		981 193 759 4047 4045 4046 2476 4039 4792 765 1263 2845 2862 4034 4037 4038 4040 4048 165 1146 1154 1155 1156 1759 910 2275 2279 1092 2280 2288 1158 2475 1157 210 4791 1159 982 2328 2343 2569 2793 2891 2902 2990 2922 985 994 1770 2338 2567 2577 2579 2582 2392 2829 526 504 541 427 2565 1965 1087 386 2014 2287 2286 968 2906 
	}
}
marseille_node={
	location=2671
	color={
		183 54 152 
	}
	outgoing={
		name="genua"
		path={
			2330 1329 1619 
		}
		control={
			2784.000000 1078.000000 2868.000000 1126.000000 
		}
	}
	outgoing={
		name="milan_node"
		path={
			387 201 4149 4137 1009 2585 1825 501 1818 
		}
		control={
			2865.000000 1229.000000 
		}
	}
	members={
		532 970 546 2050 544 2058 1291 2211 486 394 200 202 388 391 800 964 1001 2231 201 387 989 991 2330 2558 2671 2329 2092 1939 527 2551 2056 4058 1785 1949 4050 1284 550 1286 2894 4027 521 4294 4076 4293 
	}
}
milan_node={
	location=1818
	color={
		166 108 146 
	}
	inland=yes
	outgoing={
		name="genua"
		path={
			501 1825 1881 898 1619 
		}
		control={
			2947.000000 1222.000000 
		}
	}
	outgoing={
		name="venice"
		path={
			5184 4551 1820 1582 4555 2654 485 1627 
		}
		control={
			3058.000000 1238.000000 
		}
	}
	members={
		494 501 1143 1818 2717 2725 2269 2742 1820 107 4548 4551 5188 5189 648 490 492 2108 4550 5186 2713 2292 493 727 1012 1825 1881 5181 4545 104 2015 1798 730 1014 1782 4799 5184 2562 2010 2585 649 966 1244 1025 106 972 1243 1781 1096 4549 109 2104 1989 5191 500 499 1988 5920 2584 2291 1136 4800 2270
		4797 2589 1000 5921 1009 1006 4544 1007 4543 366 367 1986 368 2559 2002 2580
	}
}
firenze_node={
	location=640
	color={
		236 47 47 
	}
	outgoing={
		name="genua"
		path={
			976 4530 2980 993 1111 998 2560 1619 
		}
		control={
			2992.000000 1122.000000 
		}
	}
	members={
		2708 2235 2036 2485 2034 4526 4527 1835 2019 2334 2706 2707 2716 4525 323 506 1024 732 1843 117 4531 115 319 1028 1030 2226 2600 2601 4528 642 646 2025 2077 2595 2705 4532 1813 640 1847 976 2022 2978 4529 4530 2980 1808 2590 
		2607 2124 1023 1837 1839 1786 
	}
}
genua={
	location=1619
	color={
		218 215 56 
	}
	members={
		2296 1247 321 2283 979 2111 4535 5922 969 2992 2608 650 1803 1806 1814 1812 1192 530 1186 2089 428 5169 5170 2613 2560 1111 2251 956 898 2839 5179 517 529 652 1187 4536 4537 5171 568 651 655 4538 4539 4540 5172 1619 578 2123 2440 1783 2740
		1800 2086 1127 4542 420 228 992 2262
	}
	end=yes
}
antwerp_node={
	location=1672
	color={
		15 15 139 
	}
	outgoing={
		name="amsterdam_node"
		path={
			328 
		}
		control={
			2612.709961 1683.969971 2623.000000 1726.000000 2632.000000 1747.000000 2654.000000 1755.000000 2680.000000 1743.000000 
		}
	}
	members={
		753 4024 4021 1254 1288 1287 390 893 1841 2514 2515 2528 2532 2975 91 92 262 892 1161 2539 2960 5701 897 930 1057 1866 2527 2538 2729 5949 285 331 2407 2411 2412 2963 283 5950 90 255 896 929 934 2221 2509 2855 2888 142 314 918 1957 4083 4085 5702 1672 259 895 919 920 1859 2728 5947 5948 
	}
}
amsterdam_node={
	location=1602
	color={
		220 138 57 
	}
	members={
		95 257 330 418 1856 2409 2478 98 317 635 1090 1248 1846 2696 254 325 326 327 328 407 2299 3197 2501 2306 332 316 156 99 3195 3196 377 417 908 2383 3192 3194 1238 15 2215 2203 2204 462 2746 1864 286 414 2213 2217 100 1931 413 1602 
	}
	end=yes
}
venice={
	location=1627
	color={
		54 167 156 
	}
	members={
		130 169 464 469 954 2365 2901 4553 5199 129 203 204 943 946 947 958 2157 5420 1769 111 2659 2734 5198 4870 4868 5196 731 1019 1862 2103 2656 5190 5200 487 1018 1774 1830 4127 4555 5195 1627 112 484 485 1797 2654 2655 2977 4554 
	}
	end=yes
}
lubeck={
	location=1607
	color={
		156 179 189 
	}
	members={
		2310 12 854 2996 2643 5266 5265 14 13 415 1983 2638 5267 5268 45 360 361 2315 5276 5277 1874 2615 724 411 1991 1994 5243 5244 1852 1050 2606 1850 5240 2078 657 2578 2200 5239 5237 5238 2698 5242 1607 

	}
	end=yes
}
