categories =  {
	pti = {
		type = pti
		terrain_override = {
			4004 4013 4014
		}
	}

	ocean = {
		color = { 255 255 255 }

		sound_type = sea
		is_water = yes

		movement_cost = 1.0

		terrain_override = {
			6933 1975 1361 1549 1552 1551 1550 1695 1704 1311 1310 1333 1309 1740 1723 1724 1727 1722 1725 1707 1453 1701 
			1721 1711 1733 1446 1547 1726 1728 1738 1729 1613 1700 1548 1716 1717 1712 1718 1731 1546 1708 1741 1719 1702 
			1292  1629 1638 1737 1293 1294 1295 1417 1298 1300 1710 1531 1532 1713 1449 1459 1458 7001 7000 7130 7092
			7093 7112 7127 7095 7094 7128 7129 7140 7139 7142 7141 7131 7144 7145 7133 7132 1705 7146 7134 7126 7111 7125
			7136 7138 7143 7137 7135 7149 7114 7120 7123 7101 7124 7122 7121 7091 7115 7117 7097 7096 7108 7107 7106 7089 
			7104 7103 7105 7171 7098 7119 7118 7090 7116 1564 1303 1558 1452 1736 1342 6936 6870 6871 6874 6880 6875 6865
			6869 6876 6879 6882 6883 6885 6889 6890 6891 6893 6895 6897 6899 6900 6901 1314 1313 1312 6903 6904 6905 6906 
			6907 6908 6909 6910 6911 6912 6913 6920 6914 6872 6944 6945 6929 1534 1557 1398 1368 1676 1565 1694 
		}
	}

	inland_ocean = {
		color = { 0 0 200 }

		sound_type = sea
		is_water = yes
		inland_sea = yes

		movement_cost = 1.0
		terrain_override = {
			
		}
	}	

	glacier = {
		color = { 235 235 235 }

		sound_type = desert

		defence = 1
		movement_cost = 1.25
		supply_limit = 4		
		local_development_cost = 0.5
		nation_designer_cost_multiplier = 0.75		
		
		terrain_override = {	
			6020 6042 6043	
		}
	}
	
	forest = {
		color = { 31 116 16 }

		type = forest
		sound_type = forest
		
		movement_cost = 1.25
		defence = 1
		#bertus mod#	combat_width = -0.20
		supply_limit = 4
		local_development_cost = 0.2
		nation_designer_cost_multiplier = 0.9
		
		terrain_override = {
			794 3394 3395 3396 3397 6178 6179 6214 3942
			5897 5898 5900 6135 3283 3284 3285 6177 6213
			3278 3279 3280 3281 6009 3275 3274 3428 6180
			3241 3242 3253 3257 3258 3259 3260 6010 4281
			6011 6013 6014 6015 6016 6017 6018 6019 6092
			6119 6121 6122 6123 6124 6126 6127 6128 6129
			6087 6088 6089 6090 6091 6094 6095 6096 6097
			6125 6099 6120 6181 6195 6196 6197 6198 6199
			6200 6201 6202 6203 6204 6205 6206 6680 6681
			3836 3837 3838 3839 3840 3841 3845 3846 3847
			3848 3849 3854 3842 3843 3844 3852 3853 3424
			6132 6133 6134 6207 6208 6209 6211 6212 4244
		}                                      
	}

	farmlands = {
		color = { 179 255 64 }

		type = plains
		sound_type = plains

		movement_cost = 1.10
		local_development_cost = -0.05
		supply_limit = 10
		allowed_num_of_buildings = 1
		nation_designer_cost_multiplier = 1.05
		
		terrain_override = {
			5 13 14 16 22 29 34 37 38 45 46 51 54 55 58 64 65 70 71 72 79 86 89 90 92
			94 96 98 103 109 113 115 117 119 120 122 124 126 131 151 166 177 183 193
			223 227 235 258 262 265 278 279 280 308 314 317 323 329 332 337 351 615
			354 402 409 411 429 440 442 444 472 477 479 483 492 493 495 497 498 499
			501 502 504 512 513 522 527 548 550 559 564 576 582 593 605 607 610
			617 618 627 631 635 640 649 654 657 660 672 693 698 701 710 712 722 731
			741 748 751 753 760 764 765 781 783 785 786 793 799 805 806 808 809 811 47
			854 874 884 892 903 904 905 911 913 916 918 929 930 932 934 952 953 844 84
			955 972 974 1012 1028 1030 1031 1034 1036 1037 1038 1043 1048 1057 6324 85
			1059 1062 1071 1075 1084 1097 1099 1100 1101 1102 1103 1119 1123 1124 1137
			1138 1154 1165 1166 1172 1177 1180 1182 1183 1191 1197 1200 1201 1207 1208
			1214 1216 1242 1252 1253 1254 1258 1276 1284 1287 1288 1744 1745 1747 1757
			1758 1759 1762 1771 1776 1782 1785 1786 1787 1792 1799 1801 1810 1818 1825
			1826 1832 1835 1843 1844 1846 1848 1862 1869 1870 1871 1875 1877 1880 1091
			1881 1930 1933 1936 1943 1945 1949 1951 1959 1962 1966 1969 1970 1979
			1983 1986 1993 1997 2004 2005 2010 2015 2017 2019 2030 2031 2036 2656
			2041 2056 2063 2091 2103 2115 2131 2135 2136 2156 2161 2168 2169 2172 2173
			2177 2181 2184 2192 2193 2195 2200 2206 2207 2216 2233 2235 2237 2256 2259
			2266 2268 2281 2295 2300 2301 2303 2311 2322 2326 2331 2338 2350 2352 2357
			2358 2369 2370 2398 2424 2427 2428 2431 6302 6303 6304 6305 6306 6307
			2444 2454 2458 2459 2484 2497 2499 2500 2509 2518 2545 2555 2578 2579
			2582 2585 2586 2591 2607 2609 2610 2615 2621 2633 2640 2651 2652 2654
			2659 2672 2698 2706 2707 2708 2727 2729 2730 2731 2742 2759 2766 2769
			2784 2803 2818 2821 2831 2847 2856 2861 2869 2886 2894 2897 2898 2913 2914
			2917 2918 2922 2930 2946 2956 2962 2964 2967 2978 2979 2985 2988 2990 2994
			2995 3002 3007 3008 3010 3191 3196 3211 4020 4021 4022 4023 4024 4025 4039
			4045 4046 4047 4052 4060 4074 4078 4079 4081 4082 4084 4085 4087 4088 4090
			4091 4096 4105 4107 4110 4111 4113 4119 4121 4122 4129 4227 4248 4283 4291
			4292 4502 4503 4504 4507 4516 4518 4521 4525 4527 4528 4531 4545 1290
			4549 4551 4555 4819 4822 4821 4851 4885 4886 4892 4893 4905 5132 5133 5139
			5151 5152 5177 5181 5188 5190 5191 5193 5195 5198 5200 5237 5238 2055
			5239 5242 5243 5268 5298 5337 5351 5388 5392 5393 5394 5398 5399 5400 5401
			5403 5404 5405 5407 5408 5411 5432 5457 5458 5459 5460 5461 5467 5472 5473
			5474 5475 5484 5505 5510 5571 5573 5609 5610 5614 5615 5622 5623 5629 5630
			5631 5632 5634 5640 5641 5642 5643 5644 5646 5647 5648 5649 5673 5674 5675
			5676 5678 5679 5682 5685 5686 5689 5690 5691 5692 5693 5703 5704 5705 5706
			5707 5708 5909 5910 5920 5923 5925 5954 5955 5988 5989 5991 5992 5993 5994
			5995 5996 5999 6000 6344 6308 6309 6310 4040 4042 6301 6314 6315 6316 6300
			6298 6299 6325 6328 6329 6330 6331 6332 6333 6334 6335 6367 6326 6327 5059
			5060 5054 5055 5035 5041 5043 5022 5023 5026 5025 5028 5029 5033 5034 5036
			5042 5032 5037 5040 5044 5045 5046 5048 5049 5050 5051 5052 5216 4687 2611
			4688 4692 5221 5220 4697 5219 5217 83 5218 4696 3239 4237 3973 3946 3971
			3974 3943 3948 3949 3947 3972 3963 3981 3913 3912 2653 2429 539
			449 5466 1746 2455 1872 2158 671 840 2246 4796 1014
		}		
	}

	highlands = {
		color = { 176 129 21 }

		type = hills
		sound_type = mountain
		
		#bertus mod#	combat_width = -0.25
		supply_limit = 6
		movement_cost = 1.40
		defence = 1
		local_defensiveness = 0.1
		local_development_cost = 0.2
		nation_designer_cost_multiplier = 0.9	

		terrain_override = {
			9 68 80 197 198 220 290 321 353 403 416 422 423 443 457 459 471 2834 5916
			511 517 529 530 533 554 557 558 562 563 565 568 601 619 643 650 2166 4619
			651 652 655 674 689 700 721 726 738 755 757 768 772 777 778 803 870 3049
			872 899 921 939 961 966 969 979 1106 1108 1186 1187 1192 1193 1221 1247 611
			1371 1689 1800 1803 1806 1812 1814 1817 1836 1947 1968 1984 1995 2027 2044
			2045 2060 2064 2070 2080 2081 2089 2096 2109 2111 2116 2117 2144 4536 2912
			2180 2202 2244 2282 2296 2333 2337 2351 2353 2356 2364 2368 2371 2373 5104
			2413 2414 2437 2453 2479 2486 2531 2533 2580 2584 2608 2625 2673 2714 4622
			2719 2739 2786 2792 2817 2820 2838 2850 2866 2867 2872 2877 2881 2941 6039
			2959 2974 2989 2992 3026 3027 3028 3029 3030 3031 3032 3051 3053 3054 4556
			3055 3056 3057 3058 3059 3060 3061 3071 3072 3073 3074 3075 3076 3077 3078
			3079 3080 3108 3128 3129 3130 3132 3190 4026 4086 4313 4314 4315 4357 6040
			4371 4372 4373 4375 4378 4379 4394 4396 4397 4399 4410 4412 4433 4436
			4442 4474 4487 4535 4537 4538 4539 4540 4563 4713 4714 4715 4906 4909 4913
			4914 5130 5143 5145 5148 5149 5154 5155 5169 5170 5171 5172 5316 5317 5318
			5319 5320 5324 5327 5328 5329 5335 5341 5342 5344 5346 5347 5356 5357 5358
			5368 5369 5370 5382 5383 5387 5396 5435 5454 5455 5456 5462 5465 5468 5496
			5470 5471 5485 5495 5498 5499 5500 5514 5515 5516 5517 5518 5522 5544 2126
			5546 5548 5565 5566 5568 5577 5953 5957 5971 5987 692 704 984 2164 2932 301
			4558 4559 4575 4576 4577 4578 4584 4585 4586 4587 4589 3109 5452 5453 5381
			5446 5447 5448 5449 5450 5451 6257 4533 4547 4552 5180 5183 5185 3376 4286
			2426 3009 3358 4501 4523 4534 5194 5535 5888 3375 2936 4287 5167 3674
			5168 5178 6368 6369 6370 6371 6372 6373 6374 6375 6376 6377 6378 3675 3685
			3672 3673 3676 3677 3678 3679 3680 3681 3682 3658 3659 3668 3669 3670 3671
			6267 6268 6269 6271 6272 6278 6279 6280 6281 6282 6258 6259 6264 6265
			6266 6270 6276 6277 6816 4192 4193 6823 6824 6827 6828 6825 6826 6832 6818
			6815 6817 6758 6759 6760 6761 6762 6718 6719 6720 6721 6722 6723 6740 6741
			6742 6725 6734 6735 6736 6737 6738 6739 6772 6779 6811 6819 6820 6821 6822
			4132 4173 6807 6808 6809 6810 6812 6813 6814 6780 6802 6803 6805 6806 6781
			6782 6783 6784 6787 6788 6789 6790 6791 6792 6748 4133 4174 4175 4999 5000
			5001 5071 5072 5073 5074 5083 5084 5085 3587 3581 3582 3583 3584 3585 3586
			3588 3589 6345 6346 6347 6348 6349 6350 6351 6352 6353 6354 3634 3633 3632
			3630 639 924 2298 2487 4565 4566 4567 4568 4569 4570 4557 4561 4562 4560
			4564 2819 4599 4600 4601 4602 4603 4604 4605 4606 5102 4610 4612 4613 4614
			4617 4618 4647 4646 4629 4630 4631 4635 4636 4637 4638 4624 4627 4639 4640
			4641 4642 4643 4632 4737 4740 4739 4738 4677 4682 4678 5201 5202 5203
			5204 5205 5206 4699 4702 6032 6033 6034 6035 6036 6037 6038 5305 5306 2397
			5314 4288 5312 5463 5523 5513 5550 2443 5359 4912 2905 2911 5142 5144 2832
			2113 4898 1072 2547 5140 2878
		}
	}
	
	hills = {
		color = { 113 176 151 }

		type = hills
		sound_type = mountain

		movement_cost = 1.40
		defence = 1
		local_defensiveness = 0.1
		local_development_cost = 0.25
		#bertus mod#	combat_width = -0.25
		nation_designer_cost_multiplier = 0.85
		supply_limit = 5
		
		terrain_override = {
			1955 4296 1181 4295 2054 4322 871 1109 4319 1690 4485 2336 	#bertus mod
			93 104 107 111 165 167 172 185 201 204 215 217 228 238 244 245 253 273 274 292 293 294 302 350 384 2485
			387 388 395 399 420 453 461 481 482 490 494 496 506 510 514 515 516 486
			532 534 536 540 541 544 549 555 560 561 571 578 591 592 602 637 642 644 646 661 667
			677 686 708 714 718 723 727 728 730 733 739 758 792 796 810 829 898 912 941
			946 956 970 980 982 991 992 1008 1009 1018 1020 1023 1025 1033 1035 3386 3387
			1064 1066 1068 1074 1087 1089 1093 1095 1096 1111 1115 1117 1127 1131 1150
			1156 1195 1198 1245 1273 1280 1283 1285 1291 1752 1756 1783 1791 1793 1798 1805
			1808 1815 1821 1830 1833 1834 1839 1847 1860 1882 1960 1996 2020 2023 2033 2037
			2038 2039 2040 2042 2047 2053 2058 2066 2073 2086 2087 2092 2094 2095 2098
			2101 2108 2118 2119 2120 2123 2146 2149 2165 2167 2175 2187 2191 2211 2220 5373
			2222 2231 2245 2248 2251 2260 2275 2276 2284 2286 2291 2297 2328 2329 2330 2355
			2360 2363 2388 2390 2391 2433 2434 2436 2448 2526 2537 2553 2558 2560 2567 2581
			2595 2597 2600 2613 2703 2717 2722 2723 2724 2725 2751 2773 2793 2801 2806
			2809 2836 2839 2840 2841 2842 2846 2880 2952 2980 2987 4027 4798 3388 3389
			4032 4056 4061 4065 4072 4076 4094 4127 4293 4294 4297 4298 4299 4306 4327
			4331 4332 4348 4352 4353 4356 4364 4366 4376 4377 4387 4400 4405 4413 4414
			4446 4447 4448 4449 4453 4454 4455 4465 4508 4511 4512 4517 4520 4522 4510
			4532 4542 4550 4792 4795 4799 4803 4862 4863 4868 4883 5131 5137 5138 5179 1774
			5196 5330 5334 5348 5360 5362 4806 6699 6700 6724 4200 4029 4030 4191 2262
			5363 5364 5365 5366 5367 5371 5374 5377 5378 5414 5439 5440 5441 5443 5444
			5512 5525 5527 5528 5532 5536 5540 5551 5553 5554 5556 5557 5558 5559 5561
			5562 5563 5564 5567 5569 5570 5578 5590 5593 5595 5600 5653 5654 5655 5659
			5660 5661 5662 5663 5664 5665 5666 5667 5668 5669 5670 5671 5672 5922 5929
			5956 6701 6710 6711 6712 6713 6714 6715 6716 6717 4190 4201 6726 6727 6730
			5197 6744 6745 6746 6747 1016 3592 3593 3594 3595 3615 1777 1040 2026 2083
			28 2375 2293 572 4703 4704 4705 4701 4709 2452 4708 5207 574 338 2681 2465
			2548 1105 6028 6029 6030 6031 6004 6005 6006 6024 6026 6003 6021 6022 2781
			6023 6086 6084 6085 3557 3598 3599 3600 5182 5421 5413 5417 5269 3379 4135
			4136 4177 4178 6743 3381 4134 4179 6728 6729 6731 6732 6733 2194 5176 552
			5526 5375 1112 1001 1939 2440 2022 647 4541 1098 1837 4524 1286 246
		}
	}

	woods = {
		color = { 41 155 22 }

		type = forest
		sound_type = forest

		movement_cost = 1.10
		defence = 1
		local_development_cost = 0.15
		#bertus mod#	combat_width = -0.20
		nation_designer_cost_multiplier = 0.9
		supply_limit = 6
		
		terrain_override = {
			3 6 7 8 10 11 12 17 18 24 25 39 40 41 43 49 52 56 57 59 60 61 63 66 75 77
			78 81 82 87 88 91 99 105 114 121 123 125 127 129 135 138 140 141 143 144
			153 154 155 156 157 158 161 163 189 203 206 208 212 216 218 221 222 225 229
			232 233 234 240 241 242 248 250 252 256 259 261 263 269 270 272 275
			276 277 281 285 291 298 304 306 315 324 331 333 334 335 339
			344 347 357 358 369 373 374 376 377 390 406 410 415 417 2829 2392 2290 448
			421 424 430 434 447 450 452 454 460 463 464 466 467 468 469 478 526 531
			535 543 575 585 587 588 589 608 609 620 626 629 632 633 636 150 359
			656 670 675 678 690 691 705 740 747 766 770 771 773 774 787 802 825 827 341
			828 830 831 832 834 839 841 842 843 845 848 851 852 853 855 857 859 861 862
			865 866 867 875 877 878 879 880 882 883 888 893 894 895 897 907 908 909 920
			922 931 937 940 945 950 958 963 1011 1032 1046 1055 1061 1069 1080 1104
			1107 1110 1125 1129 1140 1145 1147 1149 1162 1174 1175 1190 1196 1203 1213
			1217 1218 1222 1223 1226 1227 1228 1229 1232 1267 1268 1269 1270 1271 1277
			1278 1281 1282 1289 1318 1742 1743 1749 1753 1755 1761 1766 1767 1770
			1772 1773 1775 1780 1789 1795 1809 1816 1827 1831 1841 1849 1853 1855 1856
			1857 1859 1861 1863 1866 1868 1878 1935 1937 1938 1940 1941 1942 1956 5297
			1981 1982 1987 1990 2006 2008 2009 2011 2029 2043 2048 2074 2088 2125 2133
			2139 2157 2162 2163 2182 2198 2199 2201 2208 2212 2219 2224 2228 2229 4123
			2230 2238 2240 2243 2258 2272 2274 2289 2304 2306 2309 2310 2312 2314 2321
			2323 2327 2349 2396 2399 2401 2406 2407 2409 2412 2416 2423 2432 2442 2451
			2461 2462 2464 2466 2468 2469 2470 2474 2478 2481 2489 2490 2491 2493 2494
			2496 2501 2502 2504 2505 2506 2507 2508 2510 2511 2512 2514 2516 2520 2527
			2528 2532 2538 2541 2542 2543 2552 2564 2566 2568 2572 2577 2593 2598
			2616 2617 2620 2623 2627 2628 2629 2630 2631 2632 2634 2635 2638 2641 2645
			2647 2648 2649 2650 2661 2662 2663 2666 2667 2668 2680 2685 2691 2694 6068
			2728 2732 2748 2752 2754 2765 2767 2768 2770 2771 2772 2774 2775 2776 2779
			2780 2783 2785 2790 2795 2796 2800 2805 2806 2807 2810 2815 2822 2833 2457
			2835 2852 2857 2858 2864 2874 2879 2884 2889 2890 2893 2899 2901 2909 2910
			2923 2925 2926 2928 2929 2931 2933 2935 2938 2939 2954 2955 2961 2965 2969
			2972 2973 2975 2981 2991 2998 2999 3016 3017 3018 3019 3020 3192 3194 3195
			3202 3204 3205 3207 3212 3213 3214 3218 3222 3319 3320 3321 3322 3323 3326
			3327 3328 3329 4041 4043 4044 4054 4055 4185 5729 4186 4188 4187 5323 4242
			4057 4059 4062 4063 4064 4066 4069 4070 4073 4098 4100 4101 4103 4106 4109
			4112 4118 4120 4126 4130 4131 4240 4243 4246 4275 4323 4324 4325 4328 4330
			4333 4451 4452 4509 4716 4718 4719 4721 4724 4725 4727 4728 4730 4805 4807
			4808 4809 4811 4812 4813 4814 4817 4818 4825 4828 4829 4830 4833 4834 4835
			4836 4837 4838 4839 4840 4841 4842 4843 4844 4845 4852 4853 4854 4855 4857
			4858 4860 4917 5157 5158 5159 5199 5246 5250 5251 5266 5267 5274 5295 5296 
			5338 5339 5340 5379 5419 5420 5422 5424 5425 5431 5464 5519 5520 5537 2695
			5545 5549 5555 5574 5575 5576 5579 5580 5582 5584 5585 5588 5589 5591 5592
			5594 5596 5598 5599 5645 5650 5722 5723 5724 5725 5726 5727 5728 5867 5714
			5730 5731 5732 5733 5736 5737 5738 5739 5740 5741 5742 5743 5744 5745 5746
			5747 5748 5755 5756 5757 5758 5759 5760 5761 5762 5771 5772 5863 5869 5865
			5773 5774 5775 5776 5778 5779 5780 5781 5784 5788 5789 5790 5793 5810 5811
			5819 5820 5901 5903 5908 5911 5912 5928 5933 5934 5935 5942 5946 5937 2993
			5947 5938 5939 5940 5948 5949 5950 5965 5966 5967 5968 5969 5970
			5972 5973 5974 5975 5976 5977 5978 5979 5981 5982 5983 5984 5985 6061
			5322 4189 1060 3378 3382 3383 3384 3385 5294 6343 3377 3380 4856 5292 6083
			1051 1052 5214 5215 2571 4690 4689 4693 1113 823 1794 2232 2808 2410 6049
			6050 6051 6055 6056 6057 2313 2812 6048 6052 6053 6054 6059 6060 6069 6082
			6062 6063 6064 6065 6066 6067 6093 3850 3851 3855 3856 3857 3858 6175 6176
			3833 3834 3835 6164 6165 6166 6167 6168 6580 6581 6152 6154 6155 6159 6160
			6161 6162 6163 3830 3832 6144 6147 6148 6149 6150 6151 6153 6169 6170 6171
			6172 6173 6174 6143 6145 6146 3415 3416 3417 3418 3419 3420 3421 3422 3423
			3398 6136 6137 6138 6139 6140 6141 6142 3394 3395 3396 3397 4281 5897 5898
			5900 5814 5815 5816 5817 5818 5821 5822 5824 5952 3315 3390 3391 3392 3393
			5899 6156 6158 3316 3821 3822 3823 3824 3825 6157 6614 3871 3872 3873 3874
			6601 6602 6603 6604 6605 6697 6698 6606 6607 6608 6609 6610 6611 6612 6613
			6582 6583 6584 6585 6586 6695 6696 6587 6588 6599 6600 6668 6669 6670 6671
			3859 3860 3861 3862 3864 3876 6672 6673 6674 6675 3877 3878 3879 3880 3883
			3863 3865 3866 3867 3868 3869 3870 3875 3922 3881 3882 3896 3923 3924 3925
			3926 3927 3928 6567 6568 6569 6677 6690 6691 6692 6693 6694 6564 6565 6566
			6687 6688 6689 6182 6183 6184 6185 6186 6187 6188 6189 6190 6191 6192 6193
			6194 6210 6498 6499 6500 6501 6502 6503 429 6513 6514 6515 6516 6517 6518
			6519 6422 6423 6424 6425 6512 6511 6510 6509 6508 6507 6506 6505 6504 6547
			6546 6545 6544 6543 6492 6685 6683 6682 3929 3930 3931 3932 3933 3934 3950
			3951 3914 3915 3917 3918 3919 3920 3921 3980 3820 3904 3905 3906 3907 3908
			3818 3819 6592 6593 6676 6678 6679 3884 3885 6589 6591 6590 6101 4694 2592
			378 863 1802 1807 2498 6047 5307 584 3291 3292 3301 4267 4268 4272 3295
			4271 4289 3336 3373 3333 6429 6428 5980 3886 3887 3314 3826 3827 3828 3829
			3831 3899 3900 3961 3962 3338 3340 3339 3341 3342 3343 3344 3345 3954 4245
			4280 4278 4285 4277 3346 3347 3348 3349 3350 4279 3324 3325 3317 3318 5833
			5715 5716 5717 5718 5719 5720 5721 5812 5813 5823 5826 5827 5828 5829 5830
			5831 5832 5836 5837 5838 5839 5840 5841 5825 5871 5872 5873 5874 5875 5876
			5877 5878 5834 5835 5858 5859 5860 5861 5862 5936 5418 2059 2887 5902
			3293 3294 3296 4269 4270 6452 236
		}
	}

	coastline = {
		color = { 49 175 191 }

		sound_type = sea

		movement_cost = 1.0
		local_development_cost = 0.25
		nation_designer_cost_multiplier = 0.85		
		supply_limit = 6 
		
		terrain_override = {
			102 112 136 303 305 319 361 383 401 404 473 474 475 556 597 599 622 623 624
			630 641 653 716 784 926 978 1044 1050 1088 1850 1852 1865 2078 2102 2189
			2190 2277 2335 2339 2341 2342 2346 2347 2367 2418 2420 2421 2606 2674 2677
			2678 2679 2683 2684 2686 2700 2701 2702 2709 2710 2711 2712 2788 2873 3083
			5240 5325 5326 5380 5381 5107 5108 5109 5110 5111 5112 5113 5115 4700 4710
			4706 4707 5114 5931 108 2715 2170 2141 3255 3256 3247 3271 4583 4582 1081
		}
	}	

	marsh = {
		color = { 13 189 130 }

		type = marsh
		sound_type = forest

		movement_cost = 1.3
		defence = 1
		local_development_cost = 0.25
		#bertus mod#	combat_width = -0.25
		nation_designer_cost_multiplier = 0.85
		supply_limit = 5

		terrain_override = {
			2204 2215 1931 413 2750
			15 286 322 484 676 790 954 1266 1842 2003 2107 2188 2317 2535 2596
			2612 2689 2734 3286 3287 3289 3290 3297 5213 5211 5210 5212 4691
			3298 3299 3300 3302 3303 3304 3305 3306 3307 3308 3331 4093 4235
			4236 4239 4241 4247 4273 4274 4276 5047 3596 3597 3556 5039 3374
			4282 4284 4290 5355 5601 5711 5712 5713 3372 5904 5926 6292 6293
			6294 6295 6311 6312 6313 6342 5024 5027 5030 5031 5038 3330 3352
			3288 4238 3353 3309 5763 5709 5710 3000 2203 2696 2746 254 1864
			2299 325 326 407 418 330 255 896 2221 2077 2025 2601 4526 2034
			500 1988 1019 5184
		}
	}
	
	mountain = {
		color = { 105 24 4 }

		type = mountains
		sound_type = mountain

		movement_cost = 1.5
		defence = 2
		local_defensiveness = 0.25
		local_development_cost = 0.5
		#bertus mod#	combat_width = -0.50
		nation_designer_cost_multiplier = 0.75
		supply_limit = 4
		
		terrain_override = {
			4742 4770 4790 4665 4659 4658 4766 4303 3504
			3481 3461 3537 3510 3555 3562 5587 5917 6025
			488 508 525 577 612 614 638 668 849 890 1008 2374 2387 2403 2865 2924 4426
			4430 4431 4432 4434 4435 4437 4439 4440 5511 5531 3505 3506 3507 3591 4180
			4181 4182 6231 3644 3645 3646 3647 3648 3769 3772 3773 3774 3775 3771 4336
			6224 6225 6226 6227 6228 6229 3754 3765 3766 3768 3466 3499 3641 4351 4380
			3477 3478 3558 3559 3539 3540 3063 3139 4184 4183 5012 5011 5010 5009 3602
			4995 4997 4998 5002 5003 5004 4981 4982 4989 4990 4991 4994 4996 3610 3613
			3614 3601 3616 3617 3482 3483 3484 3488 3489 3490 3493 3511 3544 6283 6027
			3492 3495 3494 3512 3531 3532 3533 3534 3535 3553 3536 3545 3546 3547 3548
			3550 3572 3573 3574 3549 3551 3552 3608 3609 3620 3621 3642 3643 3603 3604
			3605 3606 3607 3611 3612 3618 3619 3567 3563 3541 3542 3554 3561 3564 3578
			3579 3580 4648 4649 4650 4651 4666 4660 4661 4657 4656 4653 4652 4774 4776
			4778 4768 4771 4769 4783 4786 4789 4752 4760 4761 4762 4764 4765 4772 4781
			4782 6008 4505 1179 4506 2128 5442 5376 2214 2279 386 964 394 603 392 5343
			5350 2150 2903 4058 2551 1279 1788 1219 4304 4305 432 2787 4077 4478 5581
		}
	}

	impassable_mountains = {
		color = { 128 128 128 }

		sound_type = desert

		movement_cost = 8.0
		defence = 6
		local_development_cost = 10		
	}

	grasslands = {
		color = { 130 255 47 }

		type = plains
		sound_type = plains

		movement_cost = 1.0
		supply_limit = 8
		allowed_num_of_buildings = 1
		nation_designer_cost_multiplier = 1
		
		terrain_override = {
			4404 4402 2503 284 4369 4367 2590 3090 6296 6297
			3355 3310 3332 3337 3312 3958 3957 3953 3956
			3941 3898 3897 3890 3889 3888 3893 3891 3892
			3895 3902 3903 3894 6596 6595 3426 3425 6705 6704
			3807 3808 3809 3810 3811 3812 3813 3814 3815 3816
			6570 6571 6572 6573 6574 6575 6576 6577 6578 6579
			170 419 470 743 942 943 944 1234 2051 2054 2160 4068 4295 5700 1015 5868 5870 5864 5866
			5879 5880 5881 5882 5883 5884 5885 5886 5896
			5887 5889 5890 5891 5892 5893 5894 5895
			5849 5850 5852 5853 5854 5855 5856 5857
			5842 5843 5844 5845 5846 5847 5848 5851
			5796 5798 5799 5809 5795 5797 5807 5808
			4831 5800 5801 5802 5803 5804 5805 5806
			3247 3255 3256 6109 6114 6115 6116 6118
			6098 6100 6111 6112 6113 6117 3015 6130
			6102 6103 6104 6105 6106 6107 6108 6110
			4815 4810 3210 838 5252 48 375 949 26
			260 1958 2408 2467 1764 2534 69 6001
			6012 6007 6002 6058 2657 6045 6044 540
			6076 6077 6078 6079 6080 6081 3960 4362
			6070 6071 6072 6073 6074 6075 3901 3940
			4335 4349 4355 4445 4455 4456 4467 4827 4832 5426 5427 5428 5765
			5766 5767 5768 5777 3261 3262 3263 3264 3265 3266 3267 3268 3429 3269
			3243 3244 3245 3246 3248 3249 3250 3251 3252 3254 3276 3277 3273 3272
			6597 6703 3086 3085 3084 3282 583 5308
			5353 2062 5352 4258 5794 5677 2438 5397 5543 491 613 5699 5696 5437
			1964 5433 2236 5430 5429 437 5416 5486 947 2362 4891 5503 5507 1085
			1967 5469 458 4889 5135 4895 4896 680 1070 2733 4794 2255 1146 2226
			4903 2265 2599 2951 3370 3371 4028 2827
		}
	}

	jungle = {
		color = { 98 163 18 }

		type = jungle
		sound_type = jungle

		movement_cost = 1.5
		defence = 1
		local_development_cost = 0.35
		#bertus mod#	combat_width = -0.25
		nation_designer_cost_multiplier = 0.8
		supply_limit = 5
		
		terrain_override = {
		}
	}	
	
	desert = {
		color = { 242 242 111 }

		type = desert
		sound_type = desert

		movement_cost = 1.05
		supply_limit = 4
		local_development_cost = 0.35
		nation_designer_cost_multiplier = 0.8
		
		terrain_override = {
			3141 3142 3143 3144 3145 3184 5014 5015
			3062 3136 3137 3138 3140 5951
			5095 5096 5097 5098 5099 5100 5101 5103 5106 5960
			5093 5094 5116 5117 5118 5119 5120 5121 5122
			5090 5091 5126 5127 5128 5129 3791
			4923 5092 5105 5123 5124 5125 5919
			5086 5087 5088 5089 5013
			4928 4929 4930 4931 4932 4933 4934 4935
			6395 6396 6397 6398 6399 6400 6406 6407 6618
			3794 3795 3796 3797 3798 3799 6615 6616 6617
			6408 6409 6433 6434 6436 6437 6438
			6401 6402 6403 6404 6405 6441 6442 6443
		}
	}
	
	coastal_desert = {
		color = { 255 211 110 }

		type = desert
		sound_type = desert

		movement_cost = 1.0
		local_development_cost = 0.25
		nation_designer_cost_multiplier = 0.9		
		supply_limit = 4

		terrain_override = {
			4592 4593 4594 4595 4596 5008 5007 4674 4675
			4597 4598 4920 4921 4922 4924 4925 4926 4927
			3432 3433 3434 3435 3436 3437 3438 3439 5541
			4936 4937 4938 4939 4940 4941 4942 4943 5006
			5075 5076 5077 5078 5079 5080 5081 5082 5005
			4985 5053 5016 5017 5018 5019 5020 5021 4676
		}	
	}
	
	drylands = {
		color = { 232 172 102 }		

		type = plains
		sound_type = plains

		movement_cost = 1.00
		local_development_cost = 0.05
		nation_designer_cost_multiplier = 0.95
		supply_limit = 7
		allowed_num_of_buildings = 1

		terrain_override = {
			1236 4300 2777 4401 520 4365 4359 519 4374 1237 4382 788 2720 4337 4342 4343 
			4368 4346 742 744 1690 237	#bertus mod
			1 2 74 191 264 267 312 356 385 425 465 570 580 586 590 666 697 702 3033
			761 767 769 789 801 821 824 925 1017 1053 1153 1202 1206 1220 1225 4607
			1230 1436 1867 1946 1974 2106 2134 2138 2159 2183 2186 2318 2336 2344 296
			2522 2549 2570 2576 2583 2587 2639 2669 2670 2693 2755 2782 2791 2813 4623
			2854 2882 2920 2968 3034 3035 3036 3037 3038 3039 3040 3041 3042 3043 4976
			3044 3045 3046 3047 3048 3050 3052 3057 3064 3065 3066 3067 3068 4977
			3069 3070 3081 3082 3110 3111 3112 3113 3114 3115 3116 3117 3118 3119 4966
			3120 3121 3122 3123 3124 3125 3126 3127 3785 3786 3787 3788 3789 3790 4954
			3792 3793 4316 4317 4318 4319 4393 4403 4406 4407 4408 4409 4411 4415 4950
			4416 4417 4418 4419 4420 4421 4422 4423 4424 4425 4427 4428 4429 4438 4441
			4443 4463 4466 4469 4472 4473 4475 4479 4480 4485 4486 4884 5281 5283
			4979 4980 4984 4987 4988 4992 4993 5932 4961 4964 4965 4969 4970 4973 4974
			4975 4949 4952 4953 4955 4956 4957 4958 4959 4960 4962 4963 4967 4968 4971
			4972 4978 4983 4986 4944 4945 4946 4947 4948 4951 4573 4574 4579 4580 4581
			4590 4591 4645 5062 5063 5064 5065 5066 5067 5068 5069 5070 6237 6238 6239
			6355 6356 6357 6358 6359 6360 6361 6362 6363 6230 6232 6233 6236 6260 6261
			3763 6234 6235 6240 6241 6242 3456 3457 3463 3464 6247 6248 6249 6250
			6243 6244 6252 6253 6254 6255 6262 6263 3083 2377 2425 6256 6785 6786 1241
			398 804 6435 6439 6440 6336 6337 6338 6339 6340 6341 6379 6380 6381 1828
			6317 6318 6319 6320 6321 6322 6323 3667 3686 3689 3690 3687 6364 6365 6366
			3518 3519 3520 3683 3684 3660 3661 3662 3663 3664 3665 3666 6245
			6246 6251 6764 6765 6766 6767 6770 6771 6751 6752 6753 6754 6768 6769 6763
			6773 6774 6775 6776 6749 6750 6755 6756 6757 6777 6778 6793 6794 6795 6799
			6800 6796 6797 6798 6801 6804 5061 5058 5057 5056 3622 3623 3624 3625 3626
			3568 3569 3570 3571 3575 3576 3577 3629 3631 3635 3637 3638 3639 3627 3628
			3636 1370 4572 4571 4608 4609 4611 4615 4616 4620 4621 4625 4626 4628 4644
			4633 4634 4745 4746 4747 4748 4749 4750 4751 4753 4754 4755 4756 4757 4758
			4759 4784 4669 4670 4671 4672 4673 4779 4780 4743 4741 4734 4736 4735 4680
			4681 4733 4732 4731 4679 3131 2966 2983 5187 5275 5412 4176 5282 917 4310
			4309 4311 711 567 4320 4308
		}		
	}

	savannah = {
		color = { 248 199 23  }

		sound_type = plains

		supply_limit = 6
		movement_cost = 1.00
		local_development_cost = 0.15
		nation_designer_cost_multiplier = 0.95	
		
		terrain_override = {
		}		
	}
	
	steppe = {
		color = { 147 200 83  }

		type = plains
		sound_type = plains

		movement_cost = 1.00
		local_development_cost = 0.20
		nation_designer_cost_multiplier = 0.9	
		supply_limit = 6
		
		terrain_override = {
			3093 3094 3095 3096 3102 3103 3104 3105 6489
			3091 3092 3097 3098 3099 3100 3101 3107 6484
			3088 3206 3692 3729 3730 3731 6535 3106 6490
			3712 3733 3800 3801 3802 3803 3804 3805 6491
			3702 3708 3709 3710 3711 3713 3777 3784 6493
			3133 3134 3135 3693 3694 3695 3696 3697 6494
			3699 3700 3701 3703 3705 3778 3779 3781 6495
			3366 3719 3720 3724 3725 3726 3727 3728 6496
			3714 3715 3716 3717 3718 3721 3722 3723 6497
			5602 5603 5604 5605 5606 5607 5608 3698 6541
			3706 3707 3965 3967 3968 3969 3970 3978 3806
			3916 6550 6551 6552 6554 6555 6556 3782 3762
			6553 6557 6558 6559 6560 6561 6562 3783 3764
			3704 3780 6619 6620 6626 6627 6632 6633 3767
			6220 6221 6222 6563 6637 6640 6549 3979 3770
			6634 6635 6636 6638 6639 6641 6642 6643 6644
			6621 6622 6623 6624 6625 6628 6629 6630 6631
			6652 6655 6663 6664 6665 6666 6667 6542 6548
			6645 6646 6647 6648 6649 6650 6651 6662 3761
			6653 6654 6656 6657 6658 6659 6660 6661 3748
			709 6390 6394 6412 6413 6414 6418 6419 6420
			6391 6392 6393 6410 6411 6470 6472 6473 6540
			6415 6416 6417 6421 6430 6431 6432 3744 6539
			3208 3743 3750 3751 6215 6216 6217 6218 6219
			3737 3738 3739 3740 3741 3742 3745 3746 3747
			3749 3752 3753 3755 3756 3757 3758 3759 3760
			3650 3651 3652 3653 3654 3732 3734 3735 3736
			6382 6383 6384 6385 6386 6387 6388 6389 6686
			6520 6521 6522 6523 6524 6525 6526 6536 6537
			6527 6528 6529 6530 6531 6532 6533 6534 6538
			6448 6449 6450 6451 6453 6454 6455 6456 6457
			6458 6459 6460 6462 6463 6464 6465 6466 6468
			6426 6427 6444 6445 6446 6447 6477 6478 6684
			6461 6467 6476 6479 6480 6481 6482 6483 6485
			6469 6471 6474 6475 6486 6487 6488
		}	
	}	
}
	
##################################################################
terrain = {
	grasslands			= { type = grasslands		color = { 	0	 } }
	hills				= { type = woods			color = { 	1	 } }
	desert_mountain		= { type = mountain			color = { 	2	 } }
	desert				= { type = desert			color = { 	3	 } }
	steppe				= { type = steppe			color = { 	4	 } }
	plains				= { type = grasslands		color = { 	5	 } }
	mountain			= { type = mountain			color = { 	6	 } }
	desert_mountain_low	= { type = desert			color = { 	7	 } }
	terrain_8			= { type = hills			color = { 	8	 } }
	marsh				= { type = marsh			color = { 	9	 } }
	terrain_10			= { type = farmlands		color = { 	10	 } }
	terrain_11			= { type = farmlands		color = { 	11	 } }
	forest_12			= { type = forest			color = { 	12	 } }
	forest				= { type = forest			color = { 	13	 } }
	forest_14			= { type = forest			color = { 	14	 } }
	ocean				= { type = ocean			color = { 	15	 } }
	snow				= { type = mountain 		color = { 	16	 } }
	inland_ocean_17 	= { type = inland_ocean		color = {	17	 } }
	coastal_desert_18	= { type = coastal_desert	color = { 	19	 } }
	coastline			= { type = coastline		color = { 	35	 } }
	savannah			= { type = savannah 		color = {	20	 } }
	drylands			= { type = drylands			color = {	22	 } }
	highlands			= { type = highlands		color = {	23	 } }
	dry_highlands		= { type = highlands		color = {	24	 } }
	woods				= { type = woods			color = { 	255	 } }
	jungle				= { type = jungle			color = { 	254	 } }
	terrain_21			= { type = farmlands		color = { 	21	 } }	
}
tree = {
	forest				= { terrain = forest 			color = { 	3 4 6 7 19 20 } }
	woods				= { terrain = woods 			color = { 	2 5 8 18	  } }
	jungle				= { terrain = jungle 			color = { 	13 14 15	  } }
	palms				= { terrain = desert 			color = { 	12			  } }
	savana				= { terrain = grasslands 		color = { 	27 28 29 30	  } }
}